tch_20200710-165305_1,ea5ea051-c29f-11ea-af23-0242ac110002,std_1594380267789_1,class_20200710-165305_1,2gYf-GMvt,62f7b464-905f-4dd7-b436-7d1ee85b4d04,ad68fb0b-6079-4612-94a5-42587a0f3c19,fde0903f-4a6f-41b3-9f1a-4886970fe3fc,1e866f4e-79f2-478c-86c8-df85e7030ded,6c743a29-939f-4127-95fb-cc686eaa1234,
tch_20200710-165305_2,f402e3b3-c29f-11ea-89f8-0242ac110002,std_1594380283988_2,class_20200710-165305_2,eE9E-eZFN,a17d5e06-fae9-4d94-bf32-b82ceb5c598c,a0b20672-43f3-465f-b7e0-61b140b70655,2666304b-fd72-460b-8194-da950d37df9c,bf50d96b-cd06-41e4-9917-91e46d51e779,d39c579c-add6-48eb-95e8-50bc91a82b10,
tch_20200710-165305_1,fa3e59ab-c29f-11ea-af23-0242ac110002,std_1594380294704_1,class_20200710-165305_1,2gYf-GMvt,62f7b464-905f-4dd7-b436-7d1ee85b4d04,ad68fb0b-6079-4612-94a5-42587a0f3c19,fde0903f-4a6f-41b3-9f1a-4886970fe3fc,1e866f4e-79f2-478c-86c8-df85e7030ded,6c743a29-939f-4127-95fb-cc686eaa1234,
tch_20200710-165305_2,00dd248d-c2a0-11ea-89f8-0242ac110002,std_1594380305822_2,class_20200710-165305_2,eE9E-eZFN,a17d5e06-fae9-4d94-bf32-b82ceb5c598c,a0b20672-43f3-465f-b7e0-61b140b70655,2666304b-fd72-460b-8194-da950d37df9c,bf50d96b-cd06-41e4-9917-91e46d51e779,d39c579c-add6-48eb-95e8-50bc91a82b10,
tch_20200710-165305_3,fe73eca8-c29f-11ea-af23-0242ac110002,std_1594380301495_3,class_20200710-165305_3,pwda-CWrT,dad81189-ee69-434a-a8cb-1a33ba83ee06,18ac3766-e36b-46ed-ba85-33459c6d6d1e,3631e28c-114a-4872-afcb-9b78546dcaaf,4bd419ef-7453-4113-b814-59d620e3bbce,76f76ec4-0acb-4bd1-bee8-96b1f0c2b785,
tch_20200710-165305_1,06a34343-c2a0-11ea-96b3-0242ac110002,std_1594380315527_1,class_20200710-165305_1,2gYf-GMvt,62f7b464-905f-4dd7-b436-7d1ee85b4d04,ad68fb0b-6079-4612-94a5-42587a0f3c19,fde0903f-4a6f-41b3-9f1a-4886970fe3fc,1e866f4e-79f2-478c-86c8-df85e7030ded,6c743a29-939f-4127-95fb-cc686eaa1234,
tch_20200710-165305_2,0c5f4eb1-c2a0-11ea-96b3-0242ac110002,std_1594380325131_2,class_20200710-165305_2,eE9E-eZFN,a17d5e06-fae9-4d94-bf32-b82ceb5c598c,a0b20672-43f3-465f-b7e0-61b140b70655,2666304b-fd72-460b-8194-da950d37df9c,bf50d96b-cd06-41e4-9917-91e46d51e779,d39c579c-add6-48eb-95e8-50bc91a82b10,
tch_20200710-165305_4,09ed16d3-c2a0-11ea-96b3-0242ac110002,std_1594380320761_4,class_20200710-165305_4,bWzo-Vadr,0fbf52d2-3a51-4e1c-a6ad-bcd601c63678,1e83f5a2-c5a2-4f88-b2ca-b01432de9167,e58cb6f2-aae8-49ff-9e5b-eaf1e98b8f6b,8a0c26b6-40d3-44cb-a63f-8e870666e250,cb5faf75-a5d9-457b-8666-c6b1c4e0cd82,
tch_20200710-165305_3,0d2389f4-c2a0-11ea-acee-0242ac110002,std_1594380326426_3,class_20200710-165305_3,pwda-CWrT,dad81189-ee69-434a-a8cb-1a33ba83ee06,18ac3766-e36b-46ed-ba85-33459c6d6d1e,3631e28c-114a-4872-afcb-9b78546dcaaf,4bd419ef-7453-4113-b814-59d620e3bbce,76f76ec4-0acb-4bd1-bee8-96b1f0c2b785,
tch_20200710-165305_5,14aa6a71-c2a0-11ea-89f8-0242ac110002,std_1594380338750_5,class_20200710-165305_5,Pu7Z-2fpQ,c3a6d24f-91b4-46d1-a0ee-27c8ae2faefa,1eb3f088-5a0c-40f8-9eca-115f92dd4843,0d105298-18c3-4627-bcd7-73d25cebde2d,64b399fc-e82f-460c-baba-0867f20afd3d,3a82c8e6-f532-400a-ae20-0a2e63af24c7,
tch_20200710-165305_1,14bf04bc-c2a0-11ea-96b3-0242ac110002,std_1594380339150_1,class_20200710-165305_1,2gYf-GMvt,62f7b464-905f-4dd7-b436-7d1ee85b4d04,ad68fb0b-6079-4612-94a5-42587a0f3c19,fde0903f-4a6f-41b3-9f1a-4886970fe3fc,1e866f4e-79f2-478c-86c8-df85e7030ded,6c743a29-939f-4127-95fb-cc686eaa1234,
tch_20200710-165305_2,1752593e-c2a0-11ea-af23-0242ac110002,std_1594380343541_2,class_20200710-165305_2,eE9E-eZFN,a17d5e06-fae9-4d94-bf32-b82ceb5c598c,a0b20672-43f3-465f-b7e0-61b140b70655,2666304b-fd72-460b-8194-da950d37df9c,bf50d96b-cd06-41e4-9917-91e46d51e779,d39c579c-add6-48eb-95e8-50bc91a82b10,
tch_20200710-165305_3,18ad078b-c2a0-11ea-96b3-0242ac110002,std_1594380345744_3,class_20200710-165305_3,pwda-CWrT,dad81189-ee69-434a-a8cb-1a33ba83ee06,18ac3766-e36b-46ed-ba85-33459c6d6d1e,3631e28c-114a-4872-afcb-9b78546dcaaf,4bd419ef-7453-4113-b814-59d620e3bbce,76f76ec4-0acb-4bd1-bee8-96b1f0c2b785,
tch_20200710-165305_4,17c87371-c2a0-11ea-89f8-0242ac110002,std_1594380344271_4,class_20200710-165305_4,bWzo-Vadr,0fbf52d2-3a51-4e1c-a6ad-bcd601c63678,1e83f5a2-c5a2-4f88-b2ca-b01432de9167,e58cb6f2-aae8-49ff-9e5b-eaf1e98b8f6b,8a0c26b6-40d3-44cb-a63f-8e870666e250,cb5faf75-a5d9-457b-8666-c6b1c4e0cd82,
tch_20200710-165305_6,2028ebd7-c2a0-11ea-af23-0242ac110002,std_1594380358051_6,class_20200710-165305_6,Ynxd-Y42X,82afc924-6de4-4ce5-9a66-8cad41670fdf,7a9b8acd-167e-4deb-936e-70c336e26190,fe473601-68c2-4612-acaa-41dd72a96f75,d5083c3b-27f8-4aca-89b3-157f1c08f310,1e9552a0-f5fc-407e-88cd-80a200b4cc8f,
tch_20200710-165305_2,22e12ea8-c2a0-11ea-acee-0242ac110002,std_1594380362893_2,class_20200710-165305_2,eE9E-eZFN,a17d5e06-fae9-4d94-bf32-b82ceb5c598c,a0b20672-43f3-465f-b7e0-61b140b70655,2666304b-fd72-460b-8194-da950d37df9c,bf50d96b-cd06-41e4-9917-91e46d51e779,d39c579c-add6-48eb-95e8-50bc91a82b10,
tch_20200710-165305_5,212f5f54-c2a0-11ea-89f8-0242ac110002,std_1594380360047_5,class_20200710-165305_5,Pu7Z-2fpQ,c3a6d24f-91b4-46d1-a0ee-27c8ae2faefa,1eb3f088-5a0c-40f8-9eca-115f92dd4843,0d105298-18c3-4627-bcd7-73d25cebde2d,64b399fc-e82f-460c-baba-0867f20afd3d,3a82c8e6-f532-400a-ae20-0a2e63af24c7,
tch_20200710-165305_1,21614527-c2a0-11ea-96b3-0242ac110002,std_1594380360383_1,class_20200710-165305_1,2gYf-GMvt,62f7b464-905f-4dd7-b436-7d1ee85b4d04,ad68fb0b-6079-4612-94a5-42587a0f3c19,fde0903f-4a6f-41b3-9f1a-4886970fe3fc,1e866f4e-79f2-478c-86c8-df85e7030ded,6c743a29-939f-4127-95fb-cc686eaa1234,
tch_20200710-165305_3,25082cbd-c2a0-11ea-acee-0242ac110002,std_1594380366503_3,class_20200710-165305_3,pwda-CWrT,dad81189-ee69-434a-a8cb-1a33ba83ee06,18ac3766-e36b-46ed-ba85-33459c6d6d1e,3631e28c-114a-4872-afcb-9b78546dcaaf,4bd419ef-7453-4113-b814-59d620e3bbce,76f76ec4-0acb-4bd1-bee8-96b1f0c2b785,
tch_20200710-165305_4,266105e1-c2a0-11ea-af23-0242ac110002,std_1594380368765_4,class_20200710-165305_4,bWzo-Vadr,0fbf52d2-3a51-4e1c-a6ad-bcd601c63678,1e83f5a2-c5a2-4f88-b2ca-b01432de9167,e58cb6f2-aae8-49ff-9e5b-eaf1e98b8f6b,8a0c26b6-40d3-44cb-a63f-8e870666e250,cb5faf75-a5d9-457b-8666-c6b1c4e0cd82,
tch_20200710-165305_7,2bcbe510-c2a0-11ea-89f8-0242ac110002,std_1594380377569_7,class_20200710-165305_7,6Zyc-BH4Q,5ee53550-3432-477b-aa68-c374507f55d6,7a8888e7-370f-443b-ae0d-b2efaf0593df,3a06a39b-5130-44ce-907c-7d3ef71e7bc4,767e9d0b-267b-432e-8e44-eacf0fd5fc44,4fcf6804-d430-4006-a4e6-300161a0219a,
tch_20200710-165305_5,2ecec52a-c2a0-11ea-af23-0242ac110002,std_1594380382938_5,class_20200710-165305_5,Pu7Z-2fpQ,c3a6d24f-91b4-46d1-a0ee-27c8ae2faefa,1eb3f088-5a0c-40f8-9eca-115f92dd4843,0d105298-18c3-4627-bcd7-73d25cebde2d,64b399fc-e82f-460c-baba-0867f20afd3d,3a82c8e6-f532-400a-ae20-0a2e63af24c7,
tch_20200710-165305_2,2eb60d32-c2a0-11ea-acee-0242ac110002,std_1594380382746_2,class_20200710-165305_2,eE9E-eZFN,a17d5e06-fae9-4d94-bf32-b82ceb5c598c,a0b20672-43f3-465f-b7e0-61b140b70655,2666304b-fd72-460b-8194-da950d37df9c,bf50d96b-cd06-41e4-9917-91e46d51e779,d39c579c-add6-48eb-95e8-50bc91a82b10,
tch_20200710-165305_1,2f0fec4e-c2a0-11ea-af23-0242ac110002,std_1594380383359_1,class_20200710-165305_1,2gYf-GMvt,62f7b464-905f-4dd7-b436-7d1ee85b4d04,ad68fb0b-6079-4612-94a5-42587a0f3c19,fde0903f-4a6f-41b3-9f1a-4886970fe3fc,1e866f4e-79f2-478c-86c8-df85e7030ded,6c743a29-939f-4127-95fb-cc686eaa1234,
tch_20200710-165305_6,2e1d9de5-c2a0-11ea-af23-0242ac110002,std_1594380381764_6,class_20200710-165305_6,Ynxd-Y42X,82afc924-6de4-4ce5-9a66-8cad41670fdf,7a9b8acd-167e-4deb-936e-70c336e26190,fe473601-68c2-4612-acaa-41dd72a96f75,d5083c3b-27f8-4aca-89b3-157f1c08f310,1e9552a0-f5fc-407e-88cd-80a200b4cc8f,
tch_20200710-165305_3,3179c066-c2a0-11ea-96b3-0242ac110002,std_1594380387382_3,class_20200710-165305_3,pwda-CWrT,dad81189-ee69-434a-a8cb-1a33ba83ee06,18ac3766-e36b-46ed-ba85-33459c6d6d1e,3631e28c-114a-4872-afcb-9b78546dcaaf,4bd419ef-7453-4113-b814-59d620e3bbce,76f76ec4-0acb-4bd1-bee8-96b1f0c2b785,
tch_20200710-165305_4,34bd7a45-c2a0-11ea-acee-0242ac110002,std_1594380392882_4,class_20200710-165305_4,bWzo-Vadr,0fbf52d2-3a51-4e1c-a6ad-bcd601c63678,1e83f5a2-c5a2-4f88-b2ca-b01432de9167,e58cb6f2-aae8-49ff-9e5b-eaf1e98b8f6b,8a0c26b6-40d3-44cb-a63f-8e870666e250,cb5faf75-a5d9-457b-8666-c6b1c4e0cd82,
tch_20200710-165305_8,34bb56be-c2a0-11ea-96b3-0242ac110002,std_1594380392556_8,class_20200710-165305_8,iUw4-zedA,11c4699b-674c-4f79-be10-03953d4de233,1ddee474-6e48-4d1a-a680-7272cad3ed9b,2f2e582e-0a46-40d4-b1a9-ecd79dca7efe,1fc69945-d294-4533-a42d-c4029f109ce9,b45b3f6e-7774-4f4a-9696-f21ef284f824,
tch_20200710-165305_7,3963d0f9-c2a0-11ea-acee-0242ac110002,std_1594380400660_7,class_20200710-165305_7,6Zyc-BH4Q,5ee53550-3432-477b-aa68-c374507f55d6,7a8888e7-370f-443b-ae0d-b2efaf0593df,3a06a39b-5130-44ce-907c-7d3ef71e7bc4,767e9d0b-267b-432e-8e44-eacf0fd5fc44,4fcf6804-d430-4006-a4e6-300161a0219a,
tch_20200710-165305_1,3c9c3fc0-c2a0-11ea-acee-0242ac110002,std_1594380406055_1,class_20200710-165305_1,2gYf-GMvt,62f7b464-905f-4dd7-b436-7d1ee85b4d04,ad68fb0b-6079-4612-94a5-42587a0f3c19,fde0903f-4a6f-41b3-9f1a-4886970fe3fc,1e866f4e-79f2-478c-86c8-df85e7030ded,6c743a29-939f-4127-95fb-cc686eaa1234,
tch_20200710-165305_5,3a742eb3-c2a0-11ea-af23-0242ac110002,std_1594380402481_5,class_20200710-165305_5,Pu7Z-2fpQ,c3a6d24f-91b4-46d1-a0ee-27c8ae2faefa,1eb3f088-5a0c-40f8-9eca-115f92dd4843,0d105298-18c3-4627-bcd7-73d25cebde2d,64b399fc-e82f-460c-baba-0867f20afd3d,3a82c8e6-f532-400a-ae20-0a2e63af24c7,
tch_20200710-165305_6,3cf2c3e1-c2a0-11ea-acee-0242ac110002,std_1594380406633_6,class_20200710-165305_6,Ynxd-Y42X,82afc924-6de4-4ce5-9a66-8cad41670fdf,7a9b8acd-167e-4deb-936e-70c336e26190,fe473601-68c2-4612-acaa-41dd72a96f75,d5083c3b-27f8-4aca-89b3-157f1c08f310,1e9552a0-f5fc-407e-88cd-80a200b4cc8f,
tch_20200710-165305_2,3c87307a-c2a0-11ea-89f8-0242ac110002,std_1594380405950_2,class_20200710-165305_2,eE9E-eZFN,a17d5e06-fae9-4d94-bf32-b82ceb5c598c,a0b20672-43f3-465f-b7e0-61b140b70655,2666304b-fd72-460b-8194-da950d37df9c,bf50d96b-cd06-41e4-9917-91e46d51e779,d39c579c-add6-48eb-95e8-50bc91a82b10,
tch_20200710-165305_3,3ded7739-c2a0-11ea-96b3-0242ac110002,std_1594380408299_3,class_20200710-165305_3,pwda-CWrT,dad81189-ee69-434a-a8cb-1a33ba83ee06,18ac3766-e36b-46ed-ba85-33459c6d6d1e,3631e28c-114a-4872-afcb-9b78546dcaaf,4bd419ef-7453-4113-b814-59d620e3bbce,76f76ec4-0acb-4bd1-bee8-96b1f0c2b785,
tch_20200710-165305_9,3e0a74fe-c2a0-11ea-af23-0242ac110002,std_1594380408131_9,class_20200710-165305_9,w68f-bxve,e61b4002-f3f5-4286-a90e-9edf0a1532c0,db0b562e-6361-420c-a0bc-8398c8345fb8,9569c2ab-1d49-4c48-80ca-4a4da7ec8f35,1ae65a31-180c-47c4-a094-4acd48ba8b6b,6d7cfe72-905e-4779-ba02-bcce95b7426d,
tch_20200710-165305_4,418c96c4-c2a0-11ea-af23-0242ac110002,std_1594380414363_4,class_20200710-165305_4,bWzo-Vadr,0fbf52d2-3a51-4e1c-a6ad-bcd601c63678,1e83f5a2-c5a2-4f88-b2ca-b01432de9167,e58cb6f2-aae8-49ff-9e5b-eaf1e98b8f6b,8a0c26b6-40d3-44cb-a63f-8e870666e250,cb5faf75-a5d9-457b-8666-c6b1c4e0cd82,
tch_20200710-165305_8,431f44ac-c2a0-11ea-89f8-0242ac110002,std_1594380416983_8,class_20200710-165305_8,iUw4-zedA,11c4699b-674c-4f79-be10-03953d4de233,1ddee474-6e48-4d1a-a680-7272cad3ed9b,2f2e582e-0a46-40d4-b1a9-ecd79dca7efe,1fc69945-d294-4533-a42d-c4029f109ce9,b45b3f6e-7774-4f4a-9696-f21ef284f824,
tch_20200710-165305_5,4909665c-c2a0-11ea-96b3-0242ac110002,std_1594380426911_5,class_20200710-165305_5,Pu7Z-2fpQ,c3a6d24f-91b4-46d1-a0ee-27c8ae2faefa,1eb3f088-5a0c-40f8-9eca-115f92dd4843,0d105298-18c3-4627-bcd7-73d25cebde2d,64b399fc-e82f-460c-baba-0867f20afd3d,3a82c8e6-f532-400a-ae20-0a2e63af24c7,
tch_20200710-165305_7,46abee0a-c2a0-11ea-89f8-0242ac110002,std_1594380422967_7,class_20200710-165305_7,6Zyc-BH4Q,5ee53550-3432-477b-aa68-c374507f55d6,7a8888e7-370f-443b-ae0d-b2efaf0593df,3a06a39b-5130-44ce-907c-7d3ef71e7bc4,767e9d0b-267b-432e-8e44-eacf0fd5fc44,4fcf6804-d430-4006-a4e6-300161a0219a,
tch_20200710-165305_1,48f91286-c2a0-11ea-96b3-0242ac110002,std_1594380426817_1,class_20200710-165305_1,2gYf-GMvt,62f7b464-905f-4dd7-b436-7d1ee85b4d04,ad68fb0b-6079-4612-94a5-42587a0f3c19,fde0903f-4a6f-41b3-9f1a-4886970fe3fc,1e866f4e-79f2-478c-86c8-df85e7030ded,6c743a29-939f-4127-95fb-cc686eaa1234,
tch_20200710-165305_2,4b21bec9-c2a0-11ea-af23-0242ac110002,std_1594380430443_2,class_20200710-165305_2,eE9E-eZFN,a17d5e06-fae9-4d94-bf32-b82ceb5c598c,a0b20672-43f3-465f-b7e0-61b140b70655,2666304b-fd72-460b-8194-da950d37df9c,bf50d96b-cd06-41e4-9917-91e46d51e779,d39c579c-add6-48eb-95e8-50bc91a82b10,
tch_20200710-165305_3,4c3a81f7-c2a0-11ea-89f8-0242ac110002,std_1594380432291_3,class_20200710-165305_3,pwda-CWrT,dad81189-ee69-434a-a8cb-1a33ba83ee06,18ac3766-e36b-46ed-ba85-33459c6d6d1e,3631e28c-114a-4872-afcb-9b78546dcaaf,4bd419ef-7453-4113-b814-59d620e3bbce,76f76ec4-0acb-4bd1-bee8-96b1f0c2b785,
tch_20200710-165305_6,4b10cf2e-c2a0-11ea-89f8-0242ac110002,std_1594380430326_6,class_20200710-165305_6,Ynxd-Y42X,82afc924-6de4-4ce5-9a66-8cad41670fdf,7a9b8acd-167e-4deb-936e-70c336e26190,fe473601-68c2-4612-acaa-41dd72a96f75,d5083c3b-27f8-4aca-89b3-157f1c08f310,1e9552a0-f5fc-407e-88cd-80a200b4cc8f,
tch_20200710-165305_10,4cbcf82e-c2a0-11ea-af23-0242ac110002,std_1594380432844_10,class_20200710-165305_10,Tr2m-EnYz,20355a9e-00d8-4f99-a279-7b6b07d3f646,b3d410c1-2dc0-4e01-9da5-4e32aeb9d5ac,461e3e19-48e4-472b-8ea3-8f03c907af14,922ef430-5436-4659-94ea-1f2a9cb41d8d,077fd08c-e7eb-409c-855b-09e998d3f885,
tch_20200710-165305_9,4cc66eaa-c2a0-11ea-89f8-0242ac110002,std_1594380433211_9,class_20200710-165305_9,w68f-bxve,e61b4002-f3f5-4286-a90e-9edf0a1532c0,db0b562e-6361-420c-a0bc-8398c8345fb8,9569c2ab-1d49-4c48-80ca-4a4da7ec8f35,1ae65a31-180c-47c4-a094-4acd48ba8b6b,6d7cfe72-905e-4779-ba02-bcce95b7426d,
tch_20200710-165305_8,5151c2d9-c2a0-11ea-af23-0242ac110002,std_1594380440828_8,class_20200710-165305_8,iUw4-zedA,11c4699b-674c-4f79-be10-03953d4de233,1ddee474-6e48-4d1a-a680-7272cad3ed9b,2f2e582e-0a46-40d4-b1a9-ecd79dca7efe,1fc69945-d294-4533-a42d-c4029f109ce9,b45b3f6e-7774-4f4a-9696-f21ef284f824,
tch_20200710-165305_7,5542abb5-c2a0-11ea-89f8-0242ac110002,std_1594380447424_7,class_20200710-165305_7,6Zyc-BH4Q,5ee53550-3432-477b-aa68-c374507f55d6,7a8888e7-370f-443b-ae0d-b2efaf0593df,3a06a39b-5130-44ce-907c-7d3ef71e7bc4,767e9d0b-267b-432e-8e44-eacf0fd5fc44,4fcf6804-d430-4006-a4e6-300161a0219a,
tch_20200710-165305_4,513dc61e-c2a0-11ea-89f8-0242ac110002,std_1594380440684_4,class_20200710-165305_4,bWzo-Vadr,0fbf52d2-3a51-4e1c-a6ad-bcd601c63678,1e83f5a2-c5a2-4f88-b2ca-b01432de9167,e58cb6f2-aae8-49ff-9e5b-eaf1e98b8f6b,8a0c26b6-40d3-44cb-a63f-8e870666e250,cb5faf75-a5d9-457b-8666-c6b1c4e0cd82,
tch_20200710-165305_5,54904bc7-c2a0-11ea-89f8-0242ac110002,std_1594380446255_5,class_20200710-165305_5,Pu7Z-2fpQ,c3a6d24f-91b4-46d1-a0ee-27c8ae2faefa,1eb3f088-5a0c-40f8-9eca-115f92dd4843,0d105298-18c3-4627-bcd7-73d25cebde2d,64b399fc-e82f-460c-baba-0867f20afd3d,3a82c8e6-f532-400a-ae20-0a2e63af24c7,
tch_20200710-165305_1,56337502-c2a0-11ea-af23-0242ac110002,std_1594380449034_1,class_20200710-165305_1,2gYf-GMvt,62f7b464-905f-4dd7-b436-7d1ee85b4d04,ad68fb0b-6079-4612-94a5-42587a0f3c19,fde0903f-4a6f-41b3-9f1a-4886970fe3fc,1e866f4e-79f2-478c-86c8-df85e7030ded,6c743a29-939f-4127-95fb-cc686eaa1234,
tch_20200710-165305_11,54957c96-c2a0-11ea-acee-0242ac110002,std_1594380446004_11,class_20200710-165305_11,aXgh-Y6dh,e68c1c36-bdaa-4c7a-b20a-25e413e12293,c42e96a6-aa93-44e0-b174-5be5893abaed,e650c068-2ce8-4328-a868-83199be9903a,4c48be5e-68b3-4f55-841b-b400fc0e5b27,d59000c1-b91a-402a-af88-446916f712a5,
tch_20200710-165305_2,59371816-c2a0-11ea-acee-0242ac110002,std_1594380454080_2,class_20200710-165305_2,eE9E-eZFN,a17d5e06-fae9-4d94-bf32-b82ceb5c598c,a0b20672-43f3-465f-b7e0-61b140b70655,2666304b-fd72-460b-8194-da950d37df9c,bf50d96b-cd06-41e4-9917-91e46d51e779,d39c579c-add6-48eb-95e8-50bc91a82b10,
tch_20200710-165305_3,5997605a-c2a0-11ea-89f8-0242ac110002,std_1594380454719_3,class_20200710-165305_3,pwda-CWrT,dad81189-ee69-434a-a8cb-1a33ba83ee06,18ac3766-e36b-46ed-ba85-33459c6d6d1e,3631e28c-114a-4872-afcb-9b78546dcaaf,4bd419ef-7453-4113-b814-59d620e3bbce,76f76ec4-0acb-4bd1-bee8-96b1f0c2b785,
tch_20200710-165305_6,5a415c01-c2a0-11ea-96b3-0242ac110002,std_1594380455805_6,class_20200710-165305_6,Ynxd-Y42X,82afc924-6de4-4ce5-9a66-8cad41670fdf,7a9b8acd-167e-4deb-936e-70c336e26190,fe473601-68c2-4612-acaa-41dd72a96f75,d5083c3b-27f8-4aca-89b3-157f1c08f310,1e9552a0-f5fc-407e-88cd-80a200b4cc8f,
tch_20200710-165305_9,5c9a3f80-c2a0-11ea-89f8-0242ac110002,std_1594380459771_9,class_20200710-165305_9,w68f-bxve,e61b4002-f3f5-4286-a90e-9edf0a1532c0,db0b562e-6361-420c-a0bc-8398c8345fb8,9569c2ab-1d49-4c48-80ca-4a4da7ec8f35,1ae65a31-180c-47c4-a094-4acd48ba8b6b,6d7cfe72-905e-4779-ba02-bcce95b7426d,
tch_20200710-165305_10,5c7eef9f-c2a0-11ea-96b3-0242ac110002,std_1594380459572_10,class_20200710-165305_10,Tr2m-EnYz,20355a9e-00d8-4f99-a279-7b6b07d3f646,b3d410c1-2dc0-4e01-9da5-4e32aeb9d5ac,461e3e19-48e4-472b-8ea3-8f03c907af14,922ef430-5436-4659-94ea-1f2a9cb41d8d,077fd08c-e7eb-409c-855b-09e998d3f885,
tch_20200710-165305_7,605c9ed9-c2a0-11ea-af23-0242ac110002,std_1594380466085_7,class_20200710-165305_7,6Zyc-BH4Q,5ee53550-3432-477b-aa68-c374507f55d6,7a8888e7-370f-443b-ae0d-b2efaf0593df,3a06a39b-5130-44ce-907c-7d3ef71e7bc4,767e9d0b-267b-432e-8e44-eacf0fd5fc44,4fcf6804-d430-4006-a4e6-300161a0219a,
tch_20200710-165305_12,5e52019e-c2a0-11ea-acee-0242ac110002,std_1594380462380_12,class_20200710-165305_12,F4a2-jXg2,b71c059c-15df-4a70-a6a7-f96c0a86e528,ebe60190-4a43-488f-bc62-c76da4b10bba,3eecc861-3f94-4e62-b643-8100b6d0e07d,cb40a3c5-7eb9-4fca-8f49-5387d52468e1,2a87cdfe-12aa-4530-9db5-4b9ad06acdf4,
tch_20200710-165305_4,609ba467-c2a0-11ea-96b3-0242ac110002,std_1594380466484_4,class_20200710-165305_4,bWzo-Vadr,0fbf52d2-3a51-4e1c-a6ad-bcd601c63678,1e83f5a2-c5a2-4f88-b2ca-b01432de9167,e58cb6f2-aae8-49ff-9e5b-eaf1e98b8f6b,8a0c26b6-40d3-44cb-a63f-8e870666e250,cb5faf75-a5d9-457b-8666-c6b1c4e0cd82,
tch_20200710-165305_5,62564ca9-c2a0-11ea-acee-0242ac110002,std_1594380469384_5,class_20200710-165305_5,Pu7Z-2fpQ,c3a6d24f-91b4-46d1-a0ee-27c8ae2faefa,1eb3f088-5a0c-40f8-9eca-115f92dd4843,0d105298-18c3-4627-bcd7-73d25cebde2d,64b399fc-e82f-460c-baba-0867f20afd3d,3a82c8e6-f532-400a-ae20-0a2e63af24c7,
tch_20200710-165305_8,5ea8fc10-c2a0-11ea-96b3-0242ac110002,std_1594380463208_8,class_20200710-165305_8,iUw4-zedA,11c4699b-674c-4f79-be10-03953d4de233,1ddee474-6e48-4d1a-a680-7272cad3ed9b,2f2e582e-0a46-40d4-b1a9-ecd79dca7efe,1fc69945-d294-4533-a42d-c4029f109ce9,b45b3f6e-7774-4f4a-9696-f21ef284f824,
tch_20200710-165305_1,62ec994b-c2a0-11ea-96b3-0242ac110002,std_1594380470378_1,class_20200710-165305_1,2gYf-GMvt,62f7b464-905f-4dd7-b436-7d1ee85b4d04,ad68fb0b-6079-4612-94a5-42587a0f3c19,fde0903f-4a6f-41b3-9f1a-4886970fe3fc,1e866f4e-79f2-478c-86c8-df85e7030ded,6c743a29-939f-4127-95fb-cc686eaa1234,
tch_20200710-165305_11,6339597b-c2a0-11ea-89f8-0242ac110002,std_1594380470836_11,class_20200710-165305_11,aXgh-Y6dh,e68c1c36-bdaa-4c7a-b20a-25e413e12293,c42e96a6-aa93-44e0-b174-5be5893abaed,e650c068-2ce8-4328-a868-83199be9903a,4c48be5e-68b3-4f55-841b-b400fc0e5b27,d59000c1-b91a-402a-af88-446916f712a5,
tch_20200710-165305_2,652f35a0-c2a0-11ea-96b3-0242ac110002,std_1594380474170_2,class_20200710-165305_2,eE9E-eZFN,a17d5e06-fae9-4d94-bf32-b82ceb5c598c,a0b20672-43f3-465f-b7e0-61b140b70655,2666304b-fd72-460b-8194-da950d37df9c,bf50d96b-cd06-41e4-9917-91e46d51e779,d39c579c-add6-48eb-95e8-50bc91a82b10,
tch_20200710-165305_3,6709e95d-c2a0-11ea-acee-0242ac110002,std_1594380477252_3,class_20200710-165305_3,pwda-CWrT,dad81189-ee69-434a-a8cb-1a33ba83ee06,18ac3766-e36b-46ed-ba85-33459c6d6d1e,3631e28c-114a-4872-afcb-9b78546dcaaf,4bd419ef-7453-4113-b814-59d620e3bbce,76f76ec4-0acb-4bd1-bee8-96b1f0c2b785,
tch_20200710-165305_13,65162f25-c2a0-11ea-96b3-0242ac110002,std_1594380473707_13,class_20200710-165305_13,8LoN-9TdN,abd4ba41-c096-41ad-9632-a4f962302f29,c17fe34b-4502-43bd-9659-7f96d1cbc31b,9feaa5d4-b04e-492a-a96d-7df32499aef6,fbfa2fd6-170a-4337-8bda-6b4e364a9415,8add927c-5e51-4d85-8f18-401eaaba8efe,
tch_20200710-165305_9,69de3ebd-c2a0-11ea-af23-0242ac110002,std_1594380482009_9,class_20200710-165305_9,w68f-bxve,e61b4002-f3f5-4286-a90e-9edf0a1532c0,db0b562e-6361-420c-a0bc-8398c8345fb8,9569c2ab-1d49-4c48-80ca-4a4da7ec8f35,1ae65a31-180c-47c4-a094-4acd48ba8b6b,6d7cfe72-905e-4779-ba02-bcce95b7426d,
tch_20200710-165305_6,6879cc81-c2a0-11ea-acee-0242ac110002,std_1594380479649_6,class_20200710-165305_6,Ynxd-Y42X,82afc924-6de4-4ce5-9a66-8cad41670fdf,7a9b8acd-167e-4deb-936e-70c336e26190,fe473601-68c2-4612-acaa-41dd72a96f75,d5083c3b-27f8-4aca-89b3-157f1c08f310,1e9552a0-f5fc-407e-88cd-80a200b4cc8f,
tch_20200710-165305_10,6ac73f07-c2a0-11ea-acee-0242ac110002,std_1594380483562_10,class_20200710-165305_10,Tr2m-EnYz,20355a9e-00d8-4f99-a279-7b6b07d3f646,b3d410c1-2dc0-4e01-9da5-4e32aeb9d5ac,461e3e19-48e4-472b-8ea3-8f03c907af14,922ef430-5436-4659-94ea-1f2a9cb41d8d,077fd08c-e7eb-409c-855b-09e998d3f885,
tch_20200710-165305_7,6b971226-c2a0-11ea-af23-0242ac110002,std_1594380484905_7,class_20200710-165305_7,6Zyc-BH4Q,5ee53550-3432-477b-aa68-c374507f55d6,7a8888e7-370f-443b-ae0d-b2efaf0593df,3a06a39b-5130-44ce-907c-7d3ef71e7bc4,767e9d0b-267b-432e-8e44-eacf0fd5fc44,4fcf6804-d430-4006-a4e6-300161a0219a,
tch_20200710-165305_12,6bd24737-c2a0-11ea-acee-0242ac110002,std_1594380485315_12,class_20200710-165305_12,F4a2-jXg2,b71c059c-15df-4a70-a6a7-f96c0a86e528,ebe60190-4a43-488f-bc62-c76da4b10bba,3eecc861-3f94-4e62-b643-8100b6d0e07d,cb40a3c5-7eb9-4fca-8f49-5387d52468e1,2a87cdfe-12aa-4530-9db5-4b9ad06acdf4,
tch_20200710-165305_4,6d9839c3-c2a0-11ea-acee-0242ac110002,std_1594380488261_4,class_20200710-165305_4,bWzo-Vadr,0fbf52d2-3a51-4e1c-a6ad-bcd601c63678,1e83f5a2-c5a2-4f88-b2ca-b01432de9167,e58cb6f2-aae8-49ff-9e5b-eaf1e98b8f6b,8a0c26b6-40d3-44cb-a63f-8e870666e250,cb5faf75-a5d9-457b-8666-c6b1c4e0cd82,
tch_20200710-165305_8,6dfacc51-c2a0-11ea-af23-0242ac110002,std_1594380488921_8,class_20200710-165305_8,iUw4-zedA,11c4699b-674c-4f79-be10-03953d4de233,1ddee474-6e48-4d1a-a680-7272cad3ed9b,2f2e582e-0a46-40d4-b1a9-ecd79dca7efe,1fc69945-d294-4533-a42d-c4029f109ce9,b45b3f6e-7774-4f4a-9696-f21ef284f824,
tch_20200710-165305_5,6df59b88-c2a0-11ea-acee-0242ac110002,std_1594380488881_5,class_20200710-165305_5,Pu7Z-2fpQ,c3a6d24f-91b4-46d1-a0ee-27c8ae2faefa,1eb3f088-5a0c-40f8-9eca-115f92dd4843,0d105298-18c3-4627-bcd7-73d25cebde2d,64b399fc-e82f-460c-baba-0867f20afd3d,3a82c8e6-f532-400a-ae20-0a2e63af24c7,
tch_20200710-165305_1,6ec0db77-c2a0-11ea-acee-0242ac110002,std_1594380490217_1,class_20200710-165305_1,2gYf-GMvt,62f7b464-905f-4dd7-b436-7d1ee85b4d04,ad68fb0b-6079-4612-94a5-42587a0f3c19,fde0903f-4a6f-41b3-9f1a-4886970fe3fc,1e866f4e-79f2-478c-86c8-df85e7030ded,6c743a29-939f-4127-95fb-cc686eaa1234,
tch_20200710-165305_11,700bd14b-c2a0-11ea-af23-0242ac110002,std_1594380492386_11,class_20200710-165305_11,aXgh-Y6dh,e68c1c36-bdaa-4c7a-b20a-25e413e12293,c42e96a6-aa93-44e0-b174-5be5893abaed,e650c068-2ce8-4328-a868-83199be9903a,4c48be5e-68b3-4f55-841b-b400fc0e5b27,d59000c1-b91a-402a-af88-446916f712a5,
tch_20200710-165305_2,7266d91f-c2a0-11ea-acee-0242ac110002,std_1594380496327_2,class_20200710-165305_2,eE9E-eZFN,a17d5e06-fae9-4d94-bf32-b82ceb5c598c,a0b20672-43f3-465f-b7e0-61b140b70655,2666304b-fd72-460b-8194-da950d37df9c,bf50d96b-cd06-41e4-9917-91e46d51e779,d39c579c-add6-48eb-95e8-50bc91a82b10,
tch_20200710-165305_13,7478050e-c2a0-11ea-acee-0242ac110002,std_1594380499810_13,class_20200710-165305_13,8LoN-9TdN,abd4ba41-c096-41ad-9632-a4f962302f29,c17fe34b-4502-43bd-9659-7f96d1cbc31b,9feaa5d4-b04e-492a-a96d-7df32499aef6,fbfa2fd6-170a-4337-8bda-6b4e364a9415,8add927c-5e51-4d85-8f18-401eaaba8efe,
tch_20200710-165305_14,758be684-c2a0-11ea-acee-0242ac110002,std_1594380501262_14,class_20200710-165305_14,fg6q-W3pQ,401aeb5f-4400-44a7-89ab-e6e28db0616a,12eb40fd-4642-43bf-9e6c-68fedddf0ce2,b427da57-4aed-443c-9bd5-49884737bb58,45a1d945-12fb-4b4f-b179-383b7bf66e7e,e988f99f-046a-4184-8454-c32878c40104,
tch_20200710-165305_3,74447291-c2a0-11ea-acee-0242ac110002,std_1594380499457_3,class_20200710-165305_3,pwda-CWrT,dad81189-ee69-434a-a8cb-1a33ba83ee06,18ac3766-e36b-46ed-ba85-33459c6d6d1e,3631e28c-114a-4872-afcb-9b78546dcaaf,4bd419ef-7453-4113-b814-59d620e3bbce,76f76ec4-0acb-4bd1-bee8-96b1f0c2b785,
tch_20200710-165305_10,781ffea2-c2a0-11ea-89f8-0242ac110002,std_1594380505917_10,class_20200710-165305_10,Tr2m-EnYz,20355a9e-00d8-4f99-a279-7b6b07d3f646,b3d410c1-2dc0-4e01-9da5-4e32aeb9d5ac,461e3e19-48e4-472b-8ea3-8f03c907af14,922ef430-5436-4659-94ea-1f2a9cb41d8d,077fd08c-e7eb-409c-855b-09e998d3f885,
tch_20200710-165305_9,76c09592-c2a0-11ea-acee-0242ac110002,std_1594380503642_9,class_20200710-165305_9,w68f-bxve,e61b4002-f3f5-4286-a90e-9edf0a1532c0,db0b562e-6361-420c-a0bc-8398c8345fb8,9569c2ab-1d49-4c48-80ca-4a4da7ec8f35,1ae65a31-180c-47c4-a094-4acd48ba8b6b,6d7cfe72-905e-4779-ba02-bcce95b7426d,
tch_20200710-165305_7,78de1ed9-c2a0-11ea-96b3-0242ac110002,std_1594380507195_7,class_20200710-165305_7,6Zyc-BH4Q,5ee53550-3432-477b-aa68-c374507f55d6,7a8888e7-370f-443b-ae0d-b2efaf0593df,3a06a39b-5130-44ce-907c-7d3ef71e7bc4,767e9d0b-267b-432e-8e44-eacf0fd5fc44,4fcf6804-d430-4006-a4e6-300161a0219a,
tch_20200710-165305_6,76e0a0ee-c2a0-11ea-96b3-0242ac110002,std_1594380503852_6,class_20200710-165305_6,Ynxd-Y42X,82afc924-6de4-4ce5-9a66-8cad41670fdf,7a9b8acd-167e-4deb-936e-70c336e26190,fe473601-68c2-4612-acaa-41dd72a96f75,d5083c3b-27f8-4aca-89b3-157f1c08f310,1e9552a0-f5fc-407e-88cd-80a200b4cc8f,
tch_20200710-165305_8,7c194c99-c2a0-11ea-acee-0242ac110002,std_1594380512602_8,class_20200710-165305_8,iUw4-zedA,11c4699b-674c-4f79-be10-03953d4de233,1ddee474-6e48-4d1a-a680-7272cad3ed9b,2f2e582e-0a46-40d4-b1a9-ecd79dca7efe,1fc69945-d294-4533-a42d-c4029f109ce9,b45b3f6e-7774-4f4a-9696-f21ef284f824,
tch_20200710-165305_12,7953eb7f-c2a0-11ea-96b3-0242ac110002,std_1594380507959_12,class_20200710-165305_12,F4a2-jXg2,b71c059c-15df-4a70-a6a7-f96c0a86e528,ebe60190-4a43-488f-bc62-c76da4b10bba,3eecc861-3f94-4e62-b643-8100b6d0e07d,cb40a3c5-7eb9-4fca-8f49-5387d52468e1,2a87cdfe-12aa-4530-9db5-4b9ad06acdf4,
tch_20200710-165305_4,7c0305a9-c2a0-11ea-89f8-0242ac110002,std_1594380512457_4,class_20200710-165305_4,bWzo-Vadr,0fbf52d2-3a51-4e1c-a6ad-bcd601c63678,1e83f5a2-c5a2-4f88-b2ca-b01432de9167,e58cb6f2-aae8-49ff-9e5b-eaf1e98b8f6b,8a0c26b6-40d3-44cb-a63f-8e870666e250,cb5faf75-a5d9-457b-8666-c6b1c4e0cd82,
tch_20200710-165305_5,7d1fe713-c2a0-11ea-96b3-0242ac110002,std_1594380514340_5,class_20200710-165305_5,Pu7Z-2fpQ,c3a6d24f-91b4-46d1-a0ee-27c8ae2faefa,1eb3f088-5a0c-40f8-9eca-115f92dd4843,0d105298-18c3-4627-bcd7-73d25cebde2d,64b399fc-e82f-460c-baba-0867f20afd3d,3a82c8e6-f532-400a-ae20-0a2e63af24c7,
tch_20200710-165305_11,7fc2301c-c2a0-11ea-af23-0242ac110002,std_1594380518717_11,class_20200710-165305_11,aXgh-Y6dh,e68c1c36-bdaa-4c7a-b20a-25e413e12293,c42e96a6-aa93-44e0-b174-5be5893abaed,e650c068-2ce8-4328-a868-83199be9903a,4c48be5e-68b3-4f55-841b-b400fc0e5b27,d59000c1-b91a-402a-af88-446916f712a5,
tch_20200710-165305_1,7ebea347-c2a0-11ea-acee-0242ac110002,std_1594380516996_1,class_20200710-165305_1,2gYf-GMvt,62f7b464-905f-4dd7-b436-7d1ee85b4d04,ad68fb0b-6079-4612-94a5-42587a0f3c19,fde0903f-4a6f-41b3-9f1a-4886970fe3fc,1e866f4e-79f2-478c-86c8-df85e7030ded,6c743a29-939f-4127-95fb-cc686eaa1234,
tch_20200710-165305_2,80153203-c2a0-11ea-acee-0242ac110002,std_1594380519286_2,class_20200710-165305_2,eE9E-eZFN,a17d5e06-fae9-4d94-bf32-b82ceb5c598c,a0b20672-43f3-465f-b7e0-61b140b70655,2666304b-fd72-460b-8194-da950d37df9c,bf50d96b-cd06-41e4-9917-91e46d51e779,d39c579c-add6-48eb-95e8-50bc91a82b10,
tch_20200710-165305_15,80e9bffc-c2a0-11ea-af23-0242ac110002,std_1594380520372_15,class_20200710-165305_15,nGDW-mRxw,ee3c3c1a-6a2e-4916-97b3-74e0f9439923,f419d6ca-c1d8-4e49-bc17-3dfda04c5068,53e6538c-ac57-4e74-bd7f-2b5b089d22af,1d91dfff-b2fb-46e8-8fbc-b7a767eb53f2,3290258c-fed3-43ab-91b6-e6129b5c5c3f,
tch_20200710-165305_14,835e90b8-c2a0-11ea-af23-0242ac110002,std_1594380524807_14,class_20200710-165305_14,fg6q-W3pQ,401aeb5f-4400-44a7-89ab-e6e28db0616a,12eb40fd-4642-43bf-9e6c-68fedddf0ce2,b427da57-4aed-443c-9bd5-49884737bb58,45a1d945-12fb-4b4f-b179-383b7bf66e7e,e988f99f-046a-4184-8454-c32878c40104,
tch_20200710-165305_10,84900c17-c2a0-11ea-acee-0242ac110002,std_1594380526798_10,class_20200710-165305_10,Tr2m-EnYz,20355a9e-00d8-4f99-a279-7b6b07d3f646,b3d410c1-2dc0-4e01-9da5-4e32aeb9d5ac,461e3e19-48e4-472b-8ea3-8f03c907af14,922ef430-5436-4659-94ea-1f2a9cb41d8d,077fd08c-e7eb-409c-855b-09e998d3f885,
tch_20200710-165305_3,84242b1c-c2a0-11ea-af23-0242ac110002,std_1594380526117_3,class_20200710-165305_3,pwda-CWrT,dad81189-ee69-434a-a8cb-1a33ba83ee06,18ac3766-e36b-46ed-ba85-33459c6d6d1e,3631e28c-114a-4872-afcb-9b78546dcaaf,4bd419ef-7453-4113-b814-59d620e3bbce,76f76ec4-0acb-4bd1-bee8-96b1f0c2b785,
tch_20200710-165305_13,82977024-c2a0-11ea-89f8-0242ac110002,std_1594380523472_13,class_20200710-165305_13,8LoN-9TdN,abd4ba41-c096-41ad-9632-a4f962302f29,c17fe34b-4502-43bd-9659-7f96d1cbc31b,9feaa5d4-b04e-492a-a96d-7df32499aef6,fbfa2fd6-170a-4337-8bda-6b4e364a9415,8add927c-5e51-4d85-8f18-401eaaba8efe,
tch_20200710-165305_6,85c8da72-c2a0-11ea-acee-0242ac110002,std_1594380528866_6,class_20200710-165305_6,Ynxd-Y42X,82afc924-6de4-4ce5-9a66-8cad41670fdf,7a9b8acd-167e-4deb-936e-70c336e26190,fe473601-68c2-4612-acaa-41dd72a96f75,d5083c3b-27f8-4aca-89b3-157f1c08f310,1e9552a0-f5fc-407e-88cd-80a200b4cc8f,
tch_20200710-165305_9,84a6a18d-c2a0-11ea-96b3-0242ac110002,std_1594380526944_9,class_20200710-165305_9,w68f-bxve,e61b4002-f3f5-4286-a90e-9edf0a1532c0,db0b562e-6361-420c-a0bc-8398c8345fb8,9569c2ab-1d49-4c48-80ca-4a4da7ec8f35,1ae65a31-180c-47c4-a094-4acd48ba8b6b,6d7cfe72-905e-4779-ba02-bcce95b7426d,
tch_20200710-165305_7,8531f1cb-c2a0-11ea-af23-0242ac110002,std_1594380527877_7,class_20200710-165305_7,6Zyc-BH4Q,5ee53550-3432-477b-aa68-c374507f55d6,7a8888e7-370f-443b-ae0d-b2efaf0593df,3a06a39b-5130-44ce-907c-7d3ef71e7bc4,767e9d0b-267b-432e-8e44-eacf0fd5fc44,4fcf6804-d430-4006-a4e6-300161a0219a,
tch_20200710-165305_8,881b07df-c2a0-11ea-89f8-0242ac110002,std_1594380532740_8,class_20200710-165305_8,iUw4-zedA,11c4699b-674c-4f79-be10-03953d4de233,1ddee474-6e48-4d1a-a680-7272cad3ed9b,2f2e582e-0a46-40d4-b1a9-ecd79dca7efe,1fc69945-d294-4533-a42d-c4029f109ce9,b45b3f6e-7774-4f4a-9696-f21ef284f824,
tch_20200710-165305_12,88f3db40-c2a0-11ea-96b3-0242ac110002,std_1594380534163_12,class_20200710-165305_12,F4a2-jXg2,b71c059c-15df-4a70-a6a7-f96c0a86e528,ebe60190-4a43-488f-bc62-c76da4b10bba,3eecc861-3f94-4e62-b643-8100b6d0e07d,cb40a3c5-7eb9-4fca-8f49-5387d52468e1,2a87cdfe-12aa-4530-9db5-4b9ad06acdf4,
tch_20200710-165305_16,868d8983-c2a0-11ea-89f8-0242ac110002,std_1594380529812_16,class_20200710-165305_16,wCG9-J782,81525557-35d4-4052-b59c-dd7c4b8236bd,e4304c1c-3af3-4a93-9ed2-793abc90c1bf,685cadf8-cd4d-46eb-b7f3-af0823c15ba5,0eedb59d-9fe5-4c15-b09d-5815b7f1fd73,fd4674e8-2f19-48a6-92c6-30353c92a615,
tch_20200710-165305_4,8a115918-c2a0-11ea-acee-0242ac110002,std_1594380536028_4,class_20200710-165305_4,bWzo-Vadr,0fbf52d2-3a51-4e1c-a6ad-bcd601c63678,1e83f5a2-c5a2-4f88-b2ca-b01432de9167,e58cb6f2-aae8-49ff-9e5b-eaf1e98b8f6b,8a0c26b6-40d3-44cb-a63f-8e870666e250,cb5faf75-a5d9-457b-8666-c6b1c4e0cd82,
tch_20200710-165305_1,8b944f78-c2a0-11ea-96b3-0242ac110002,std_1594380538583_1,class_20200710-165305_1,2gYf-GMvt,62f7b464-905f-4dd7-b436-7d1ee85b4d04,ad68fb0b-6079-4612-94a5-42587a0f3c19,fde0903f-4a6f-41b3-9f1a-4886970fe3fc,1e866f4e-79f2-478c-86c8-df85e7030ded,6c743a29-939f-4127-95fb-cc686eaa1234,
tch_20200710-165305_5,8a6768d4-c2a0-11ea-acee-0242ac110002,std_1594380536605_5,class_20200710-165305_5,Pu7Z-2fpQ,c3a6d24f-91b4-46d1-a0ee-27c8ae2faefa,1eb3f088-5a0c-40f8-9eca-115f92dd4843,0d105298-18c3-4627-bcd7-73d25cebde2d,64b399fc-e82f-460c-baba-0867f20afd3d,3a82c8e6-f532-400a-ae20-0a2e63af24c7,
tch_20200710-165305_11,8b89a167-c2a0-11ea-acee-0242ac110002,std_1594380538501_11,class_20200710-165305_11,aXgh-Y6dh,e68c1c36-bdaa-4c7a-b20a-25e413e12293,c42e96a6-aa93-44e0-b174-5be5893abaed,e650c068-2ce8-4328-a868-83199be9903a,4c48be5e-68b3-4f55-841b-b400fc0e5b27,d59000c1-b91a-402a-af88-446916f712a5,
tch_20200710-165305_15,8ee7e7e8-c2a0-11ea-96b3-0242ac110002,std_1594380544148_15,class_20200710-165305_15,nGDW-mRxw,ee3c3c1a-6a2e-4916-97b3-74e0f9439923,f419d6ca-c1d8-4e49-bc17-3dfda04c5068,53e6538c-ac57-4e74-bd7f-2b5b089d22af,1d91dfff-b2fb-46e8-8fbc-b7a767eb53f2,3290258c-fed3-43ab-91b6-e6129b5c5c3f,
tch_20200710-165305_2,8e91d89e-c2a0-11ea-af23-0242ac110002,std_1594380543609_2,class_20200710-165305_2,eE9E-eZFN,a17d5e06-fae9-4d94-bf32-b82ceb5c598c,a0b20672-43f3-465f-b7e0-61b140b70655,2666304b-fd72-460b-8194-da950d37df9c,bf50d96b-cd06-41e4-9917-91e46d51e779,d39c579c-add6-48eb-95e8-50bc91a82b10,
tch_20200710-165305_13,91930aa1-c2a0-11ea-96b3-0242ac110002,std_1594380548647_13,class_20200710-165305_13,8LoN-9TdN,abd4ba41-c096-41ad-9632-a4f962302f29,c17fe34b-4502-43bd-9659-7f96d1cbc31b,9feaa5d4-b04e-492a-a96d-7df32499aef6,fbfa2fd6-170a-4337-8bda-6b4e364a9415,8add927c-5e51-4d85-8f18-401eaaba8efe,
tch_20200710-165305_14,8fa7195f-c2a0-11ea-89f8-0242ac110002,std_1594380545399_14,class_20200710-165305_14,fg6q-W3pQ,401aeb5f-4400-44a7-89ab-e6e28db0616a,12eb40fd-4642-43bf-9e6c-68fedddf0ce2,b427da57-4aed-443c-9bd5-49884737bb58,45a1d945-12fb-4b4f-b179-383b7bf66e7e,e988f99f-046a-4184-8454-c32878c40104,
tch_20200710-165305_10,8feef793-c2a0-11ea-96b3-0242ac110002,std_1594380545891_10,class_20200710-165305_10,Tr2m-EnYz,20355a9e-00d8-4f99-a279-7b6b07d3f646,b3d410c1-2dc0-4e01-9da5-4e32aeb9d5ac,461e3e19-48e4-472b-8ea3-8f03c907af14,922ef430-5436-4659-94ea-1f2a9cb41d8d,077fd08c-e7eb-409c-855b-09e998d3f885,
tch_20200710-165305_3,91281356-c2a0-11ea-96b3-0242ac110002,std_1594380547934_3,class_20200710-165305_3,pwda-CWrT,dad81189-ee69-434a-a8cb-1a33ba83ee06,18ac3766-e36b-46ed-ba85-33459c6d6d1e,3631e28c-114a-4872-afcb-9b78546dcaaf,4bd419ef-7453-4113-b814-59d620e3bbce,76f76ec4-0acb-4bd1-bee8-96b1f0c2b785,
tch_20200710-165305_7,9332fe64-c2a0-11ea-96b3-0242ac110002,std_1594380551350_7,class_20200710-165305_7,6Zyc-BH4Q,5ee53550-3432-477b-aa68-c374507f55d6,7a8888e7-370f-443b-ae0d-b2efaf0593df,3a06a39b-5130-44ce-907c-7d3ef71e7bc4,767e9d0b-267b-432e-8e44-eacf0fd5fc44,4fcf6804-d430-4006-a4e6-300161a0219a,
tch_20200710-165305_6,92146f11-c2a0-11ea-acee-0242ac110002,std_1594380549475_6,class_20200710-165305_6,Ynxd-Y42X,82afc924-6de4-4ce5-9a66-8cad41670fdf,7a9b8acd-167e-4deb-936e-70c336e26190,fe473601-68c2-4612-acaa-41dd72a96f75,d5083c3b-27f8-4aca-89b3-157f1c08f310,1e9552a0-f5fc-407e-88cd-80a200b4cc8f,
tch_20200710-165305_12,94b55893-c2a0-11ea-af23-0242ac110002,std_1594380553892_12,class_20200710-165305_12,F4a2-jXg2,b71c059c-15df-4a70-a6a7-f96c0a86e528,ebe60190-4a43-488f-bc62-c76da4b10bba,3eecc861-3f94-4e62-b643-8100b6d0e07d,cb40a3c5-7eb9-4fca-8f49-5387d52468e1,2a87cdfe-12aa-4530-9db5-4b9ad06acdf4,
tch_20200710-165305_9,92541098-c2a0-11ea-af23-0242ac110002,std_1594380549832_9,class_20200710-165305_9,w68f-bxve,e61b4002-f3f5-4286-a90e-9edf0a1532c0,db0b562e-6361-420c-a0bc-8398c8345fb8,9569c2ab-1d49-4c48-80ca-4a4da7ec8f35,1ae65a31-180c-47c4-a094-4acd48ba8b6b,6d7cfe72-905e-4779-ba02-bcce95b7426d,
tch_20200710-165305_17,962a1f00-c2a0-11ea-96b3-0242ac110002,std_1594380556044_17,class_20200710-165305_17,j8Qv-8qd6,324f3748-6dd9-4f8b-9145-50521b62af36,0ff60808-1e2f-4cb6-816d-2970c6ff151a,84dcac30-a7b5-4905-9a0d-8938da7a7e30,23308204-2c7c-4e58-a173-879b9eeaeef0,155e84e6-5073-4a43-9cba-506a99343019,
tch_20200710-165305_16,963ac107-c2a0-11ea-af23-0242ac110002,std_1594380556447_16,class_20200710-165305_16,wCG9-J782,81525557-35d4-4052-b59c-dd7c4b8236bd,e4304c1c-3af3-4a93-9ed2-793abc90c1bf,685cadf8-cd4d-46eb-b7f3-af0823c15ba5,0eedb59d-9fe5-4c15-b09d-5815b7f1fd73,fd4674e8-2f19-48a6-92c6-30353c92a615,
tch_20200710-165305_8,947ff0dd-c2a0-11ea-89f8-0242ac110002,std_1594380553559_8,class_20200710-165305_8,iUw4-zedA,11c4699b-674c-4f79-be10-03953d4de233,1ddee474-6e48-4d1a-a680-7272cad3ed9b,2f2e582e-0a46-40d4-b1a9-ecd79dca7efe,1fc69945-d294-4533-a42d-c4029f109ce9,b45b3f6e-7774-4f4a-9696-f21ef284f824,
tch_20200710-165305_4,9773b561-c2a0-11ea-89f8-0242ac110002,std_1594380558501_4,class_20200710-165305_4,bWzo-Vadr,0fbf52d2-3a51-4e1c-a6ad-bcd601c63678,1e83f5a2-c5a2-4f88-b2ca-b01432de9167,e58cb6f2-aae8-49ff-9e5b-eaf1e98b8f6b,8a0c26b6-40d3-44cb-a63f-8e870666e250,cb5faf75-a5d9-457b-8666-c6b1c4e0cd82,
tch_20200710-165305_11,995cc126-c2a0-11ea-89f8-0242ac110002,std_1594380561692_11,class_20200710-165305_11,aXgh-Y6dh,e68c1c36-bdaa-4c7a-b20a-25e413e12293,c42e96a6-aa93-44e0-b174-5be5893abaed,e650c068-2ce8-4328-a868-83199be9903a,4c48be5e-68b3-4f55-841b-b400fc0e5b27,d59000c1-b91a-402a-af88-446916f712a5,
tch_20200710-165305_5,9780d596-c2a0-11ea-af23-0242ac110002,std_1594380558577_5,class_20200710-165305_5,Pu7Z-2fpQ,c3a6d24f-91b4-46d1-a0ee-27c8ae2faefa,1eb3f088-5a0c-40f8-9eca-115f92dd4843,0d105298-18c3-4627-bcd7-73d25cebde2d,64b399fc-e82f-460c-baba-0867f20afd3d,3a82c8e6-f532-400a-ae20-0a2e63af24c7,
tch_20200710-165305_1,977b08a2-c2a0-11ea-89f8-0242ac110002,std_1594380558542_1,class_20200710-165305_1,2gYf-GMvt,62f7b464-905f-4dd7-b436-7d1ee85b4d04,ad68fb0b-6079-4612-94a5-42587a0f3c19,fde0903f-4a6f-41b3-9f1a-4886970fe3fc,1e866f4e-79f2-478c-86c8-df85e7030ded,6c743a29-939f-4127-95fb-cc686eaa1234,
tch_20200710-165305_10,9da0ac2e-c2a0-11ea-89f8-0242ac110002,std_1594380568873_10,class_20200710-165305_10,Tr2m-EnYz,20355a9e-00d8-4f99-a279-7b6b07d3f646,b3d410c1-2dc0-4e01-9da5-4e32aeb9d5ac,461e3e19-48e4-472b-8ea3-8f03c907af14,922ef430-5436-4659-94ea-1f2a9cb41d8d,077fd08c-e7eb-409c-855b-09e998d3f885,
tch_20200710-165305_15tch_20200710-165305_13,,9bca3ef8-c2a0-11ea-96b3-0242ac1100029cf48dce-c2a0-11ea-acee-0242ac110002,,std_1594380565775_15,std_1594380567708_13,class_20200710-165305_15class_20200710-165305_13,,8LoN-9TdNnGDW-mRxw,,abd4ba41-c096-41ad-9632-a4f962302f29,c17fe34b-4502-43bd-9659-7f96d1cbc31b,9feaa5d4-b04e-492a-a96d-7df32499aef6,fbfa2fd6-170a-4337-8bda-6b4e364a9415,8add927c-5e51-4d85-8f18-401eaaba8efe,ee3c3c1a-6a2e-4916-97b3-74e0f9439923,f419d6ca-c1d8-4e49-bc17-3dfda04c5068,53e6538c-ac57-4e74-bd7f-2b5b089d22af,1d91dfff-b2fb-46e8-8fbc-b7a767eb53f2,3290258c-fed3-43ab-91b6-e6129b5c5c3f,

tch_20200710-165305_3,9f88a5e7-c2a0-11ea-96b3-0242ac110002,std_1594380572055_3,class_20200710-165305_3,pwda-CWrT,dad81189-ee69-434a-a8cb-1a33ba83ee06,18ac3766-e36b-46ed-ba85-33459c6d6d1e,3631e28c-114a-4872-afcb-9b78546dcaaf,4bd419ef-7453-4113-b814-59d620e3bbce,76f76ec4-0acb-4bd1-bee8-96b1f0c2b785,
tch_20200710-165305_2,9bec6c93-c2a0-11ea-af23-0242ac110002,std_1594380565968_2,class_20200710-165305_2,eE9E-eZFN,a17d5e06-fae9-4d94-bf32-b82ceb5c598c,a0b20672-43f3-465f-b7e0-61b140b70655,2666304b-fd72-460b-8194-da950d37df9c,bf50d96b-cd06-41e4-9917-91e46d51e779,d39c579c-add6-48eb-95e8-50bc91a82b10,
tch_20200710-165305_14,9d40d988-c2a0-11ea-89f8-0242ac110002,std_1594380568241_14,class_20200710-165305_14,fg6q-W3pQ,401aeb5f-4400-44a7-89ab-e6e28db0616a,12eb40fd-4642-43bf-9e6c-68fedddf0ce2,b427da57-4aed-443c-9bd5-49884737bb58,45a1d945-12fb-4b4f-b179-383b7bf66e7e,e988f99f-046a-4184-8454-c32878c40104,
tch_20200710-165305_12,a17ab224-c2a0-11ea-96b3-0242ac110002,std_1594380575296_12,class_20200710-165305_12,F4a2-jXg2,b71c059c-15df-4a70-a6a7-f96c0a86e528,ebe60190-4a43-488f-bc62-c76da4b10bba,3eecc861-3f94-4e62-b643-8100b6d0e07d,cb40a3c5-7eb9-4fca-8f49-5387d52468e1,2a87cdfe-12aa-4530-9db5-4b9ad06acdf4,
tch_20200710-165305_7,9fb92bd8-c2a0-11ea-af23-0242ac110002,std_1594380572356_7,class_20200710-165305_7,6Zyc-BH4Q,5ee53550-3432-477b-aa68-c374507f55d6,7a8888e7-370f-443b-ae0d-b2efaf0593df,3a06a39b-5130-44ce-907c-7d3ef71e7bc4,767e9d0b-267b-432e-8e44-eacf0fd5fc44,4fcf6804-d430-4006-a4e6-300161a0219a,
tch_20200710-165305_6,9fdf0318-c2a0-11ea-acee-0242ac110002,std_1594380572643_6,class_20200710-165305_6,Ynxd-Y42X,82afc924-6de4-4ce5-9a66-8cad41670fdf,7a9b8acd-167e-4deb-936e-70c336e26190,fe473601-68c2-4612-acaa-41dd72a96f75,d5083c3b-27f8-4aca-89b3-157f1c08f310,1e9552a0-f5fc-407e-88cd-80a200b4cc8f,
tch_20200710-165305_16,a39d91df-c2a0-11ea-96b3-0242ac110002,std_1594380578921_16,class_20200710-165305_16,wCG9-J782,81525557-35d4-4052-b59c-dd7c4b8236bd,e4304c1c-3af3-4a93-9ed2-793abc90c1bf,685cadf8-cd4d-46eb-b7f3-af0823c15ba5,0eedb59d-9fe5-4c15-b09d-5815b7f1fd73,fd4674e8-2f19-48a6-92c6-30353c92a615,
tch_20200710-165305_8,a46416bc-c2a0-11ea-96b3-0242ac110002,std_1594380580196_8,class_20200710-165305_8,iUw4-zedA,11c4699b-674c-4f79-be10-03953d4de233,1ddee474-6e48-4d1a-a680-7272cad3ed9b,2f2e582e-0a46-40d4-b1a9-ecd79dca7efe,1fc69945-d294-4533-a42d-c4029f109ce9,b45b3f6e-7774-4f4a-9696-f21ef284f824,
tch_20200710-165305_17,a2d168d8-c2a0-11ea-89f8-0242ac110002,std_1594380577559_17,class_20200710-165305_17,j8Qv-8qd6,324f3748-6dd9-4f8b-9145-50521b62af36,0ff60808-1e2f-4cb6-816d-2970c6ff151a,84dcac30-a7b5-4905-9a0d-8938da7a7e30,23308204-2c7c-4e58-a173-879b9eeaeef0,155e84e6-5073-4a43-9cba-506a99343019,
tch_20200710-165305_9,a1a2acd6-c2a0-11ea-96b3-0242ac110002,std_1594380575560_9,class_20200710-165305_9,w68f-bxve,e61b4002-f3f5-4286-a90e-9edf0a1532c0,db0b562e-6361-420c-a0bc-8398c8345fb8,9569c2ab-1d49-4c48-80ca-4a4da7ec8f35,1ae65a31-180c-47c4-a094-4acd48ba8b6b,6d7cfe72-905e-4779-ba02-bcce95b7426d,
tch_20200710-165305_18,a28bad61-c2a0-11ea-af23-0242ac110002,std_1594380576841_18,class_20200710-165305_18,3wv7-QFn4,50e6aeed-6cd4-4f81-a697-43f7e33e2c62,a7ded0bd-f27d-4804-b823-e32b5f9dd4a3,f11bbe28-1cff-4e8d-8a41-b8ca220e73f5,6d39dfc2-ddec-4037-97b5-1cea2e1052ce,b2276a51-2617-43e6-ae5e-63fadfca85bb,
tch_20200710-165305_4,a5ebeece-c2a0-11ea-96b3-0242ac110002,std_1594380582767_4,class_20200710-165305_4,bWzo-Vadr,0fbf52d2-3a51-4e1c-a6ad-bcd601c63678,1e83f5a2-c5a2-4f88-b2ca-b01432de9167,e58cb6f2-aae8-49ff-9e5b-eaf1e98b8f6b,8a0c26b6-40d3-44cb-a63f-8e870666e250,cb5faf75-a5d9-457b-8666-c6b1c4e0cd82,
tch_20200710-165305_11,a6592ff7-c2a0-11ea-96b3-0242ac110002,std_1594380583485_11,class_20200710-165305_11,aXgh-Y6dh,e68c1c36-bdaa-4c7a-b20a-25e413e12293,c42e96a6-aa93-44e0-b174-5be5893abaed,e650c068-2ce8-4328-a868-83199be9903a,4c48be5e-68b3-4f55-841b-b400fc0e5b27,d59000c1-b91a-402a-af88-446916f712a5,
tch_20200710-165305_1,a6c20356-c2a0-11ea-af23-0242ac110002,std_1594380584148_1,class_20200710-165305_1,2gYf-GMvt,62f7b464-905f-4dd7-b436-7d1ee85b4d04,ad68fb0b-6079-4612-94a5-42587a0f3c19,fde0903f-4a6f-41b3-9f1a-4886970fe3fc,1e866f4e-79f2-478c-86c8-df85e7030ded,6c743a29-939f-4127-95fb-cc686eaa1234,
tch_20200710-165305_13,aa2f8c48-c2a0-11ea-acee-0242ac110002,std_1594380589928_13,class_20200710-165305_13,8LoN-9TdN,abd4ba41-c096-41ad-9632-a4f962302f29,c17fe34b-4502-43bd-9659-7f96d1cbc31b,9feaa5d4-b04e-492a-a96d-7df32499aef6,fbfa2fd6-170a-4337-8bda-6b4e364a9415,8add927c-5e51-4d85-8f18-401eaaba8efe,
tch_20200710-165305_5tch_20200710-165305_3,,a68a2b10-c2a0-11ea-af23-0242ac110002aa84d88b-c2a0-11ea-89f8-0242ac110002,,std_1594380583827_5,std_1594380590484_3class_20200710-165305_5,,class_20200710-165305_3Pu7Z-2fpQ,,c3a6d24f-91b4-46d1-a0ee-27c8ae2faefa,1eb3f088-5a0c-40f8-9eca-115f92dd4843,0d105298-18c3-4627-bcd7-73d25cebde2d,64b399fc-e82f-460c-baba-0867f20afd3d,3a82c8e6-f532-400a-ae20-0a2e63af24c7,pwda-CWrT
,dad81189-ee69-434a-a8cb-1a33ba83ee06,18ac3766-e36b-46ed-ba85-33459c6d6d1e,3631e28c-114a-4872-afcb-9b78546dcaaf,4bd419ef-7453-4113-b814-59d620e3bbce,76f76ec4-0acb-4bd1-bee8-96b1f0c2b785,
tch_20200710-165305_15,aa2f6535-c2a0-11ea-acee-0242ac110002,std_1594380589928_15,class_20200710-165305_15,nGDW-mRxw,ee3c3c1a-6a2e-4916-97b3-74e0f9439923,f419d6ca-c1d8-4e49-bc17-3dfda04c5068,53e6538c-ac57-4e74-bd7f-2b5b089d22af,1d91dfff-b2fb-46e8-8fbc-b7a767eb53f2,3290258c-fed3-43ab-91b6-e6129b5c5c3f,
tch_20200710-165305_10,a8d15bda-c2a0-11ea-89f8-0242ac110002,std_1594380587610_10,class_20200710-165305_10,Tr2m-EnYz,20355a9e-00d8-4f99-a279-7b6b07d3f646,b3d410c1-2dc0-4e01-9da5-4e32aeb9d5ac,461e3e19-48e4-472b-8ea3-8f03c907af14,922ef430-5436-4659-94ea-1f2a9cb41d8d,077fd08c-e7eb-409c-855b-09e998d3f885,
tch_20200710-165305_2,aac73817-c2a0-11ea-89f8-0242ac110002,std_1594380590911_2,class_20200710-165305_2,eE9E-eZFN,a17d5e06-fae9-4d94-bf32-b82ceb5c598c,a0b20672-43f3-465f-b7e0-61b140b70655,2666304b-fd72-460b-8194-da950d37df9c,bf50d96b-cd06-41e4-9917-91e46d51e779,d39c579c-add6-48eb-95e8-50bc91a82b10,
tch_20200710-165305_6,ae6ac466-c2a0-11ea-acee-0242ac110002,std_1594380597033_6,class_20200710-165305_6,Ynxd-Y42X,82afc924-6de4-4ce5-9a66-8cad41670fdf,7a9b8acd-167e-4deb-936e-70c336e26190,fe473601-68c2-4612-acaa-41dd72a96f75,d5083c3b-27f8-4aca-89b3-157f1c08f310,1e9552a0-f5fc-407e-88cd-80a200b4cc8f,
tch_20200710-165305_14,ac75f94a-c2a0-11ea-89f8-0242ac110002,std_1594380593750_14,class_20200710-165305_14,fg6q-W3pQ,401aeb5f-4400-44a7-89ab-e6e28db0616a,12eb40fd-4642-43bf-9e6c-68fedddf0ce2,b427da57-4aed-443c-9bd5-49884737bb58,45a1d945-12fb-4b4f-b179-383b7bf66e7e,e988f99f-046a-4184-8454-c32878c40104,
tch_20200710-165305_7,ae2cf8b8-c2a0-11ea-96b3-0242ac110002,std_1594380596620_7,class_20200710-165305_7,6Zyc-BH4Q,5ee53550-3432-477b-aa68-c374507f55d6,7a8888e7-370f-443b-ae0d-b2efaf0593df,3a06a39b-5130-44ce-907c-7d3ef71e7bc4,767e9d0b-267b-432e-8e44-eacf0fd5fc44,4fcf6804-d430-4006-a4e6-300161a0219a,
tch_20200710-165305_12,ae13560a-c2a0-11ea-af23-0242ac110002,std_1594380596463_12,class_20200710-165305_12,F4a2-jXg2,b71c059c-15df-4a70-a6a7-f96c0a86e528,ebe60190-4a43-488f-bc62-c76da4b10bba,3eecc861-3f94-4e62-b643-8100b6d0e07d,cb40a3c5-7eb9-4fca-8f49-5387d52468e1,2a87cdfe-12aa-4530-9db5-4b9ad06acdf4,
tch_20200710-165305_19,ad8630b6-c2a0-11ea-96b3-0242ac110002,std_1594380595235_19,class_20200710-165305_19,6jD8-Q4g2,6daee11f-d008-4e73-8621-0731469e42d8,4326209e-af32-4bdf-a322-ef1a89cb4df3,e30a1225-7033-4a27-a198-7a8dcaa0db50,01f53de1-12a1-490b-96ff-ce218e4ec4d0,31fae2d7-9fec-4ae9-8edb-7bd8a38e168c,
tch_20200710-165305_18,b145832c-c2a0-11ea-af23-0242ac110002,std_1594380601786_18,class_20200710-165305_18,3wv7-QFn4,50e6aeed-6cd4-4f81-a697-43f7e33e2c62,a7ded0bd-f27d-4804-b823-e32b5f9dd4a3,f11bbe28-1cff-4e8d-8a41-b8ca220e73f5,6d39dfc2-ddec-4037-97b5-1cea2e1052ce,b2276a51-2617-43e6-ae5e-63fadfca85bb,
tch_20200710-165305_16,af3e8ff1-c2a0-11ea-af23-0242ac110002,std_1594380598420_16,class_20200710-165305_16,wCG9-J782,81525557-35d4-4052-b59c-dd7c4b8236bd,e4304c1c-3af3-4a93-9ed2-793abc90c1bf,685cadf8-cd4d-46eb-b7f3-af0823c15ba5,0eedb59d-9fe5-4c15-b09d-5815b7f1fd73,fd4674e8-2f19-48a6-92c6-30353c92a615,
tch_20200710-165305_17,b0d6bbae-c2a0-11ea-96b3-0242ac110002,std_1594380601082_17,class_20200710-165305_17,j8Qv-8qd6,324f3748-6dd9-4f8b-9145-50521b62af36,0ff60808-1e2f-4cb6-816d-2970c6ff151a,84dcac30-a7b5-4905-9a0d-8938da7a7e30,23308204-2c7c-4e58-a173-879b9eeaeef0,155e84e6-5073-4a43-9cba-506a99343019,
tch_20200710-165305_9,b0d953ce-c2a0-11ea-96b3-0242ac110002,std_1594380601097_9,class_20200710-165305_9,w68f-bxve,e61b4002-f3f5-4286-a90e-9edf0a1532c0,db0b562e-6361-420c-a0bc-8398c8345fb8,9569c2ab-1d49-4c48-80ca-4a4da7ec8f35,1ae65a31-180c-47c4-a094-4acd48ba8b6b,6d7cfe72-905e-4779-ba02-bcce95b7426d,
tch_20200710-165305_4,b19e0392-c2a0-11ea-96b3-0242ac110002,std_1594380602394_4,class_20200710-165305_4,bWzo-Vadr,0fbf52d2-3a51-4e1c-a6ad-bcd601c63678,1e83f5a2-c5a2-4f88-b2ca-b01432de9167,e58cb6f2-aae8-49ff-9e5b-eaf1e98b8f6b,8a0c26b6-40d3-44cb-a63f-8e870666e250,cb5faf75-a5d9-457b-8666-c6b1c4e0cd82,
tch_20200710-165305_8,b035c0a6-c2a0-11ea-acee-0242ac110002,std_1594380600031_8,class_20200710-165305_8,iUw4-zedA,11c4699b-674c-4f79-be10-03953d4de233,1ddee474-6e48-4d1a-a680-7272cad3ed9b,2f2e582e-0a46-40d4-b1a9-ecd79dca7efe,1fc69945-d294-4533-a42d-c4029f109ce9,b45b3f6e-7774-4f4a-9696-f21ef284f824,
tch_20200710-165305_11,b1cf4c1b-c2a0-11ea-96b3-0242ac110002,std_1594380602728_11,class_20200710-165305_11,aXgh-Y6dh,e68c1c36-bdaa-4c7a-b20a-25e413e12293,c42e96a6-aa93-44e0-b174-5be5893abaed,e650c068-2ce8-4328-a868-83199be9903a,4c48be5e-68b3-4f55-841b-b400fc0e5b27,d59000c1-b91a-402a-af88-446916f712a5,
tch_20200710-165305_13,b5b4eba1-c2a0-11ea-96b3-0242ac110002,std_1594380609269_13,class_20200710-165305_13,8LoN-9TdN,abd4ba41-c096-41ad-9632-a4f962302f29,c17fe34b-4502-43bd-9659-7f96d1cbc31b,9feaa5d4-b04e-492a-a96d-7df32499aef6,fbfa2fd6-170a-4337-8bda-6b4e364a9415,8add927c-5e51-4d85-8f18-401eaaba8efe,
tch_20200710-165305_1,b53cade7-c2a0-11ea-96b3-0242ac110002,std_1594380608453_1,class_20200710-165305_1,2gYf-GMvt,62f7b464-905f-4dd7-b436-7d1ee85b4d04,ad68fb0b-6079-4612-94a5-42587a0f3c19,fde0903f-4a6f-41b3-9f1a-4886970fe3fc,1e866f4e-79f2-478c-86c8-df85e7030ded,6c743a29-939f-4127-95fb-cc686eaa1234,
tch_20200710-165305_5,b6f5cfda-c2a0-11ea-96b3-0242ac110002,std_1594380611352_5,class_20200710-165305_5,Pu7Z-2fpQ,c3a6d24f-91b4-46d1-a0ee-27c8ae2faefa,1eb3f088-5a0c-40f8-9eca-115f92dd4843,0d105298-18c3-4627-bcd7-73d25cebde2d,64b399fc-e82f-460c-baba-0867f20afd3d,3a82c8e6-f532-400a-ae20-0a2e63af24c7,
tch_20200710-165305_3,b6f50c26-c2a0-11ea-89f8-0242ac110002,std_1594380611352_3,class_20200710-165305_3,pwda-CWrT,dad81189-ee69-434a-a8cb-1a33ba83ee06,18ac3766-e36b-46ed-ba85-33459c6d6d1e,3631e28c-114a-4872-afcb-9b78546dcaaf,4bd419ef-7453-4113-b814-59d620e3bbce,76f76ec4-0acb-4bd1-bee8-96b1f0c2b785,
tch_20200710-165305_10,b86c9149-c2a0-11ea-af23-0242ac110002,std_1594380613790_10,class_20200710-165305_10,Tr2m-EnYz,20355a9e-00d8-4f99-a279-7b6b07d3f646,b3d410c1-2dc0-4e01-9da5-4e32aeb9d5ac,461e3e19-48e4-472b-8ea3-8f03c907af14,922ef430-5436-4659-94ea-1f2a9cb41d8d,077fd08c-e7eb-409c-855b-09e998d3f885,
tch_20200710-165305_15,b7aa5259-c2a0-11ea-89f8-0242ac110002,std_1594380612475_15,class_20200710-165305_15,nGDW-mRxw,ee3c3c1a-6a2e-4916-97b3-74e0f9439923,f419d6ca-c1d8-4e49-bc17-3dfda04c5068,53e6538c-ac57-4e74-bd7f-2b5b089d22af,1d91dfff-b2fb-46e8-8fbc-b7a767eb53f2,3290258c-fed3-43ab-91b6-e6129b5c5c3f,
tch_20200710-165305_20,b7ca84a8-c2a0-11ea-acee-0242ac110002,std_1594380612443_20,class_20200710-165305_20,NZbc-AXiY,ac363fd0-742c-4997-a0ee-cc578c061296,78d3f068-01f7-4b30-adfc-030b6a3c3d7d,5f5077f9-974a-42f7-a0ec-212c07811456,c0fba2f6-00b9-4850-be2f-cc987ced5c56,bd2c3d98-edfc-440d-801f-a7dc1e06cd0a,
tch_20200710-165305_2,b8b1141f-c2a0-11ea-89f8-0242ac110002,std_1594380614283_2,class_20200710-165305_2,eE9E-eZFN,a17d5e06-fae9-4d94-bf32-b82ceb5c598c,a0b20672-43f3-465f-b7e0-61b140b70655,2666304b-fd72-460b-8194-da950d37df9c,bf50d96b-cd06-41e4-9917-91e46d51e779,d39c579c-add6-48eb-95e8-50bc91a82b10,
tch_20200710-165305_7,ba28e762-c2a0-11ea-96b3-0242ac110002,std_1594380616736_7,class_20200710-165305_7,6Zyc-BH4Q,5ee53550-3432-477b-aa68-c374507f55d6,7a8888e7-370f-443b-ae0d-b2efaf0593df,3a06a39b-5130-44ce-907c-7d3ef71e7bc4,767e9d0b-267b-432e-8e44-eacf0fd5fc44,4fcf6804-d430-4006-a4e6-300161a0219a,
tch_20200710-165305_18,bc9c0a6e-c2a0-11ea-af23-0242ac110002,std_1594380620822_18,class_20200710-165305_18,3wv7-QFn4,50e6aeed-6cd4-4f81-a697-43f7e33e2c62,a7ded0bd-f27d-4804-b823-e32b5f9dd4a3,f11bbe28-1cff-4e8d-8a41-b8ca220e73f5,6d39dfc2-ddec-4037-97b5-1cea2e1052ce,b2276a51-2617-43e6-ae5e-63fadfca85bb,
tch_20200710-165305_14,ba07a377-c2a0-11ea-acee-0242ac110002,std_1594380616519_14,class_20200710-165305_14,fg6q-W3pQ,401aeb5f-4400-44a7-89ab-e6e28db0616a,12eb40fd-4642-43bf-9e6c-68fedddf0ce2,b427da57-4aed-443c-9bd5-49884737bb58,45a1d945-12fb-4b4f-b179-383b7bf66e7e,e988f99f-046a-4184-8454-c32878c40104,
tch_20200710-165305_12,bb488810-c2a0-11ea-96b3-0242ac110002,std_1594380618608_12,class_20200710-165305_12,F4a2-jXg2,b71c059c-15df-4a70-a6a7-f96c0a86e528,ebe60190-4a43-488f-bc62-c76da4b10bba,3eecc861-3f94-4e62-b643-8100b6d0e07d,cb40a3c5-7eb9-4fca-8f49-5387d52468e1,2a87cdfe-12aa-4530-9db5-4b9ad06acdf4,
tch_20200710-165305_6,b9b05c36-c2a0-11ea-89f8-0242ac110002,std_1594380615885_6,class_20200710-165305_6,Ynxd-Y42X,82afc924-6de4-4ce5-9a66-8cad41670fdf,7a9b8acd-167e-4deb-936e-70c336e26190,fe473601-68c2-4612-acaa-41dd72a96f75,d5083c3b-27f8-4aca-89b3-157f1c08f310,1e9552a0-f5fc-407e-88cd-80a200b4cc8f,
tch_20200710-165305_17,bcd87678-c2a0-11ea-96b3-0242ac110002,std_1594380621247_17,class_20200710-165305_17,j8Qv-8qd6,324f3748-6dd9-4f8b-9145-50521b62af36,0ff60808-1e2f-4cb6-816d-2970c6ff151a,84dcac30-a7b5-4905-9a0d-8938da7a7e30,23308204-2c7c-4e58-a173-879b9eeaeef0,155e84e6-5073-4a43-9cba-506a99343019,
tch_20200710-165305_16,bcc71131-c2a0-11ea-96b3-0242ac110002,std_1594380621126_16,class_20200710-165305_16,wCG9-J782,81525557-35d4-4052-b59c-dd7c4b8236bd,e4304c1c-3af3-4a93-9ed2-793abc90c1bf,685cadf8-cd4d-46eb-b7f3-af0823c15ba5,0eedb59d-9fe5-4c15-b09d-5815b7f1fd73,fd4674e8-2f19-48a6-92c6-30353c92a615,
tch_20200710-165305_19,bbcc8497-c2a0-11ea-acee-0242ac110002,std_1594380619489_19,class_20200710-165305_19,6jD8-Q4g2,6daee11f-d008-4e73-8621-0731469e42d8,4326209e-af32-4bdf-a322-ef1a89cb4df3,e30a1225-7033-4a27-a198-7a8dcaa0db50,01f53de1-12a1-490b-96ff-ce218e4ec4d0,31fae2d7-9fec-4ae9-8edb-7bd8a38e168c,
tch_20200710-165305_4,bdcc25af-c2a0-11ea-89f8-0242ac110002,std_1594380622855_4,class_20200710-165305_4,bWzo-Vadr,0fbf52d2-3a51-4e1c-a6ad-bcd601c63678,1e83f5a2-c5a2-4f88-b2ca-b01432de9167,e58cb6f2-aae8-49ff-9e5b-eaf1e98b8f6b,8a0c26b6-40d3-44cb-a63f-8e870666e250,cb5faf75-a5d9-457b-8666-c6b1c4e0cd82,
tch_20200710-165305_9,bd680cc4-c2a0-11ea-acee-0242ac110002,std_1594380622187_9,class_20200710-165305_9,w68f-bxve,e61b4002-f3f5-4286-a90e-9edf0a1532c0,db0b562e-6361-420c-a0bc-8398c8345fb8,9569c2ab-1d49-4c48-80ca-4a4da7ec8f35,1ae65a31-180c-47c4-a094-4acd48ba8b6b,6d7cfe72-905e-4779-ba02-bcce95b7426d,
tch_20200710-165305_8,bde2e23a-c2a0-11ea-89f8-0242ac110002,std_1594380622958_8,class_20200710-165305_8,iUw4-zedA,11c4699b-674c-4f79-be10-03953d4de233,1ddee474-6e48-4d1a-a680-7272cad3ed9b,2f2e582e-0a46-40d4-b1a9-ecd79dca7efe,1fc69945-d294-4533-a42d-c4029f109ce9,b45b3f6e-7774-4f4a-9696-f21ef284f824,
tch_20200710-165305_13,c09b4aae-c2a0-11ea-af23-0242ac110002,std_1594380627558_13,class_20200710-165305_13,8LoN-9TdN,abd4ba41-c096-41ad-9632-a4f962302f29,c17fe34b-4502-43bd-9659-7f96d1cbc31b,9feaa5d4-b04e-492a-a96d-7df32499aef6,fbfa2fd6-170a-4337-8bda-6b4e364a9415,8add927c-5e51-4d85-8f18-401eaaba8efe,
tch_20200710-165305_11,bf68e58d-c2a0-11ea-af23-0242ac110002,std_1594380625549_11,class_20200710-165305_11,aXgh-Y6dh,e68c1c36-bdaa-4c7a-b20a-25e413e12293,c42e96a6-aa93-44e0-b174-5be5893abaed,e650c068-2ce8-4328-a868-83199be9903a,4c48be5e-68b3-4f55-841b-b400fc0e5b27,d59000c1-b91a-402a-af88-446916f712a5,
tch_20200710-165305_21,c107f008-c2a0-11ea-acee-0242ac110002,std_1594380627963_21,class_20200710-165305_21,TAtJ-3rk8,3efd06d2-6c80-4788-b3b1-55bbf9fb0678,72836052-9627-430e-b897-2a131b2492d0,58b1ea0c-d37f-435b-80c4-e02eb27c56fa,5a2e15d9-68ab-4255-91f2-34c608b4ecb7,c0b32516-ffda-4ccf-88bb-d96d2dd5d73b,
tch_20200710-165305_5,c3636c31-c2a0-11ea-89f8-0242ac110002,std_1594380632199_5,class_20200710-165305_5,Pu7Z-2fpQ,c3a6d24f-91b4-46d1-a0ee-27c8ae2faefa,1eb3f088-5a0c-40f8-9eca-115f92dd4843,0d105298-18c3-4627-bcd7-73d25cebde2d,64b399fc-e82f-460c-baba-0867f20afd3d,3a82c8e6-f532-400a-ae20-0a2e63af24c7,
tch_20200710-165305_1,c32ea012-c2a0-11ea-af23-0242ac110002,std_1594380631883_1,class_20200710-165305_1,2gYf-GMvt,62f7b464-905f-4dd7-b436-7d1ee85b4d04,ad68fb0b-6079-4612-94a5-42587a0f3c19,fde0903f-4a6f-41b3-9f1a-4886970fe3fc,1e866f4e-79f2-478c-86c8-df85e7030ded,6c743a29-939f-4127-95fb-cc686eaa1234,
tch_20200710-165305_10,c5572526-c2a0-11ea-89f8-0242ac110002,std_1594380635473_10,class_20200710-165305_10,Tr2m-EnYz,20355a9e-00d8-4f99-a279-7b6b07d3f646,b3d410c1-2dc0-4e01-9da5-4e32aeb9d5ac,461e3e19-48e4-472b-8ea3-8f03c907af14,922ef430-5436-4659-94ea-1f2a9cb41d8d,077fd08c-e7eb-409c-855b-09e998d3f885,
tch_20200710-165305_20,c6c4e5f3-c2a0-11ea-af23-0242ac110002,std_1594380637853_20,class_20200710-165305_20,NZbc-AXiY,ac363fd0-742c-4997-a0ee-cc578c061296,78d3f068-01f7-4b30-adfc-030b6a3c3d7d,5f5077f9-974a-42f7-a0ec-212c07811456,c0fba2f6-00b9-4850-be2f-cc987ced5c56,bd2c3d98-edfc-440d-801f-a7dc1e06cd0a,
tch_20200710-165305_3,c4286965-c2a0-11ea-96b3-0242ac110002,std_1594380633494_3,class_20200710-165305_3,pwda-CWrT,dad81189-ee69-434a-a8cb-1a33ba83ee06,18ac3766-e36b-46ed-ba85-33459c6d6d1e,3631e28c-114a-4872-afcb-9b78546dcaaf,4bd419ef-7453-4113-b814-59d620e3bbce,76f76ec4-0acb-4bd1-bee8-96b1f0c2b785,
tch_20200710-165305_2,c6cd71b4-c2a0-11ea-89f8-0242ac110002,std_1594380637940_2,class_20200710-165305_2,eE9E-eZFN,a17d5e06-fae9-4d94-bf32-b82ceb5c598c,a0b20672-43f3-465f-b7e0-61b140b70655,2666304b-fd72-460b-8194-da950d37df9c,bf50d96b-cd06-41e4-9917-91e46d51e779,d39c579c-add6-48eb-95e8-50bc91a82b10,
tch_20200710-165305_15,c608c26e-c2a0-11ea-acee-0242ac110002,std_1594380636651_15,class_20200710-165305_15,nGDW-mRxw,ee3c3c1a-6a2e-4916-97b3-74e0f9439923,f419d6ca-c1d8-4e49-bc17-3dfda04c5068,53e6538c-ac57-4e74-bd7f-2b5b089d22af,1d91dfff-b2fb-46e8-8fbc-b7a767eb53f2,3290258c-fed3-43ab-91b6-e6129b5c5c3f,
tch_20200710-165305_18,c7f8f989-c2a0-11ea-af23-0242ac110002,std_1594380639904_18,class_20200710-165305_18,3wv7-QFn4,50e6aeed-6cd4-4f81-a697-43f7e33e2c62,a7ded0bd-f27d-4804-b823-e32b5f9dd4a3,f11bbe28-1cff-4e8d-8a41-b8ca220e73f5,6d39dfc2-ddec-4037-97b5-1cea2e1052ce,b2276a51-2617-43e6-ae5e-63fadfca85bb,
tch_20200710-165305_14,c8e6185f-c2a0-11ea-89f8-0242ac110002,std_1594380641448_14,class_20200710-165305_14,fg6q-W3pQ,401aeb5f-4400-44a7-89ab-e6e28db0616a,12eb40fd-4642-43bf-9e6c-68fedddf0ce2,b427da57-4aed-443c-9bd5-49884737bb58,45a1d945-12fb-4b4f-b179-383b7bf66e7e,e988f99f-046a-4184-8454-c32878c40104,
tch_20200710-165305_6,c9c10fb5-c2a0-11ea-af23-0242ac110002,std_1594380642908_6,class_20200710-165305_6,Ynxd-Y42X,82afc924-6de4-4ce5-9a66-8cad41670fdf,7a9b8acd-167e-4deb-936e-70c336e26190,fe473601-68c2-4612-acaa-41dd72a96f75,d5083c3b-27f8-4aca-89b3-157f1c08f310,1e9552a0-f5fc-407e-88cd-80a200b4cc8f,
tch_20200710-165305_22,c9ac0041-c2a0-11ea-89f8-0242ac110002,std_1594380642435_22,class_20200710-165305_22,qaxr-xm6D,dcce6194-24d8-43cb-acc8-341e792fa9b0,04eadddb-b806-470f-a55e-dfa5f66e9ba2,b1e5d5d1-816f-4801-be82-83cd7f4b9938,2cd92b5a-0221-4ee6-ac03-188d50150580,cba75035-605f-4383-a5ab-7c1eba683150,
tch_20200710-165305_12,c8f0c6db-c2a0-11ea-89f8-0242ac110002,std_1594380641521_12,class_20200710-165305_12,F4a2-jXg2,b71c059c-15df-4a70-a6a7-f96c0a86e528,ebe60190-4a43-488f-bc62-c76da4b10bba,3eecc861-3f94-4e62-b643-8100b6d0e07d,cb40a3c5-7eb9-4fca-8f49-5387d52468e1,2a87cdfe-12aa-4530-9db5-4b9ad06acdf4,
tch_20200710-165305_17,ca263a11-c2a0-11ea-89f8-0242ac110002,std_1594380643551_17,class_20200710-165305_17,j8Qv-8qd6,324f3748-6dd9-4f8b-9145-50521b62af36,0ff60808-1e2f-4cb6-816d-2970c6ff151a,84dcac30-a7b5-4905-9a0d-8938da7a7e30,23308204-2c7c-4e58-a173-879b9eeaeef0,155e84e6-5073-4a43-9cba-506a99343019,
tch_20200710-165305_7,c726dcc3-c2a0-11ea-96b3-0242ac110002,std_1594380638532_7,class_20200710-165305_7,6Zyc-BH4Q,5ee53550-3432-477b-aa68-c374507f55d6,7a8888e7-370f-443b-ae0d-b2efaf0593df,3a06a39b-5130-44ce-907c-7d3ef71e7bc4,767e9d0b-267b-432e-8e44-eacf0fd5fc44,4fcf6804-d430-4006-a4e6-300161a0219a,
tch_20200710-165305_16,ca714ce3-c2a0-11ea-acee-0242ac110002,std_1594380644034_16,class_20200710-165305_16,wCG9-J782,81525557-35d4-4052-b59c-dd7c4b8236bd,e4304c1c-3af3-4a93-9ed2-793abc90c1bf,685cadf8-cd4d-46eb-b7f3-af0823c15ba5,0eedb59d-9fe5-4c15-b09d-5815b7f1fd73,fd4674e8-2f19-48a6-92c6-30353c92a615,
tch_20200710-165305_4,cba511b0-c2a0-11ea-af23-0242ac110002,std_1594380646061_4,class_20200710-165305_4,bWzo-Vadr,0fbf52d2-3a51-4e1c-a6ad-bcd601c63678,1e83f5a2-c5a2-4f88-b2ca-b01432de9167,e58cb6f2-aae8-49ff-9e5b-eaf1e98b8f6b,8a0c26b6-40d3-44cb-a63f-8e870666e250,cb5faf75-a5d9-457b-8666-c6b1c4e0cd82,
tch_20200710-165305_19,cae25d73-c2a0-11ea-af23-0242ac110002,std_1594380644798_19,class_20200710-165305_19,6jD8-Q4g2,6daee11f-d008-4e73-8621-0731469e42d8,4326209e-af32-4bdf-a322-ef1a89cb4df3,e30a1225-7033-4a27-a198-7a8dcaa0db50,01f53de1-12a1-490b-96ff-ce218e4ec4d0,31fae2d7-9fec-4ae9-8edb-7bd8a38e168c,
tch_20200710-165305_9,cbb1e318-c2a0-11ea-96b3-0242ac110002,std_1594380646160_9,class_20200710-165305_9,w68f-bxve,e61b4002-f3f5-4286-a90e-9edf0a1532c0,db0b562e-6361-420c-a0bc-8398c8345fb8,9569c2ab-1d49-4c48-80ca-4a4da7ec8f35,1ae65a31-180c-47c4-a094-4acd48ba8b6b,6d7cfe72-905e-4779-ba02-bcce95b7426d,
tch_20200710-165305_8,cbf26e1c-c2a0-11ea-acee-0242ac110002,std_1594380646573_8,class_20200710-165305_8,iUw4-zedA,11c4699b-674c-4f79-be10-03953d4de233,1ddee474-6e48-4d1a-a680-7272cad3ed9b,2f2e582e-0a46-40d4-b1a9-ecd79dca7efe,1fc69945-d294-4533-a42d-c4029f109ce9,b45b3f6e-7774-4f4a-9696-f21ef284f824,
tch_20200710-165305_13,cc200df5-c2a0-11ea-af23-0242ac110002,std_1594380646878_13,class_20200710-165305_13,8LoN-9TdN,abd4ba41-c096-41ad-9632-a4f962302f29,c17fe34b-4502-43bd-9659-7f96d1cbc31b,9feaa5d4-b04e-492a-a96d-7df32499aef6,fbfa2fd6-170a-4337-8bda-6b4e364a9415,8add927c-5e51-4d85-8f18-401eaaba8efe,
tch_20200710-165305_11,cc6fb510-c2a0-11ea-af23-0242ac110002,std_1594380647394_11,class_20200710-165305_11,aXgh-Y6dh,e68c1c36-bdaa-4c7a-b20a-25e413e12293,c42e96a6-aa93-44e0-b174-5be5893abaed,e650c068-2ce8-4328-a868-83199be9903a,4c48be5e-68b3-4f55-841b-b400fc0e5b27,d59000c1-b91a-402a-af88-446916f712a5,
tch_20200710-165305_21,cf24c21e-c2a0-11ea-96b3-0242ac110002,std_1594380651962_21,class_20200710-165305_21,TAtJ-3rk8,3efd06d2-6c80-4788-b3b1-55bbf9fb0678,72836052-9627-430e-b897-2a131b2492d0,58b1ea0c-d37f-435b-80c4-e02eb27c56fa,5a2e15d9-68ab-4255-91f2-34c608b4ecb7,c0b32516-ffda-4ccf-88bb-d96d2dd5d73b,
tch_20200710-165305_5,d08675bd-c2a0-11ea-96b3-0242ac110002,std_1594380654248_5,class_20200710-165305_5,Pu7Z-2fpQ,c3a6d24f-91b4-46d1-a0ee-27c8ae2faefa,1eb3f088-5a0c-40f8-9eca-115f92dd4843,0d105298-18c3-4627-bcd7-73d25cebde2d,64b399fc-e82f-460c-baba-0867f20afd3d,3a82c8e6-f532-400a-ae20-0a2e63af24c7,
tch_20200710-165305_1,d0f403d1-c2a0-11ea-af23-0242ac110002,std_1594380654979_1,class_20200710-165305_1,2gYf-GMvt,62f7b464-905f-4dd7-b436-7d1ee85b4d04,ad68fb0b-6079-4612-94a5-42587a0f3c19,fde0903f-4a6f-41b3-9f1a-4886970fe3fc,1e866f4e-79f2-478c-86c8-df85e7030ded,6c743a29-939f-4127-95fb-cc686eaa1234,
tch_20200710-165305_10,d2230df0-c2a0-11ea-acee-0242ac110002,std_1594380656944_10,class_20200710-165305_10,Tr2m-EnYz,20355a9e-00d8-4f99-a279-7b6b07d3f646,b3d410c1-2dc0-4e01-9da5-4e32aeb9d5ac,461e3e19-48e4-472b-8ea3-8f03c907af14,922ef430-5436-4659-94ea-1f2a9cb41d8d,077fd08c-e7eb-409c-855b-09e998d3f885,
tch_20200710-165305_2,d3cd6317-c2a0-11ea-acee-0242ac110002,std_1594380659762_2,class_20200710-165305_2,eE9E-eZFN,a17d5e06-fae9-4d94-bf32-b82ceb5c598c,a0b20672-43f3-465f-b7e0-61b140b70655,2666304b-fd72-460b-8194-da950d37df9c,bf50d96b-cd06-41e4-9917-91e46d51e779,d39c579c-add6-48eb-95e8-50bc91a82b10,
tch_20200710-165305_15,d4a8ce57-c2a0-11ea-af23-0242ac110002,std_1594380661192_15,class_20200710-165305_15,nGDW-mRxw,ee3c3c1a-6a2e-4916-97b3-74e0f9439923,f419d6ca-c1d8-4e49-bc17-3dfda04c5068,53e6538c-ac57-4e74-bd7f-2b5b089d22af,1d91dfff-b2fb-46e8-8fbc-b7a767eb53f2,3290258c-fed3-43ab-91b6-e6129b5c5c3f,
tch_20200710-165305_3,d399a8f5-c2a0-11ea-af23-0242ac110002,std_1594380659425_3,class_20200710-165305_3,pwda-CWrT,dad81189-ee69-434a-a8cb-1a33ba83ee06,18ac3766-e36b-46ed-ba85-33459c6d6d1e,3631e28c-114a-4872-afcb-9b78546dcaaf,4bd419ef-7453-4113-b814-59d620e3bbce,76f76ec4-0acb-4bd1-bee8-96b1f0c2b785,
tch_20200710-165305_20,d3938dc3-c2a0-11ea-96b3-0242ac110002,std_1594380659316_20,class_20200710-165305_20,NZbc-AXiY,ac363fd0-742c-4997-a0ee-cc578c061296,78d3f068-01f7-4b30-adfc-030b6a3c3d7d,5f5077f9-974a-42f7-a0ec-212c07811456,c0fba2f6-00b9-4850-be2f-cc987ced5c56,bd2c3d98-edfc-440d-801f-a7dc1e06cd0a,
tch_20200710-165305_18,d4d86aa9-c2a0-11ea-acee-0242ac110002,std_1594380661526_18,class_20200710-165305_18,3wv7-QFn4,50e6aeed-6cd4-4f81-a697-43f7e33e2c62,a7ded0bd-f27d-4804-b823-e32b5f9dd4a3,f11bbe28-1cff-4e8d-8a41-b8ca220e73f5,6d39dfc2-ddec-4037-97b5-1cea2e1052ce,b2276a51-2617-43e6-ae5e-63fadfca85bb,
tch_20200710-165305_22,d61fde76-c2a0-11ea-acee-0242ac110002,std_1594380663655_22,class_20200710-165305_22,qaxr-xm6D,dcce6194-24d8-43cb-acc8-341e792fa9b0,04eadddb-b806-470f-a55e-dfa5f66e9ba2,b1e5d5d1-816f-4801-be82-83cd7f4b9938,2cd92b5a-0221-4ee6-ac03-188d50150580,cba75035-605f-4383-a5ab-7c1eba683150,
tch_20200710-165305_14,d50e201d-c2a0-11ea-acee-0242ac110002,std_1594380661839_14,class_20200710-165305_14,fg6q-W3pQ,401aeb5f-4400-44a7-89ab-e6e28db0616a,12eb40fd-4642-43bf-9e6c-68fedddf0ce2,b427da57-4aed-443c-9bd5-49884737bb58,45a1d945-12fb-4b4f-b179-383b7bf66e7e,e988f99f-046a-4184-8454-c32878c40104,
tch_20200710-165305_17,d68b4a46-c2a0-11ea-af23-0242ac110002,std_1594380664314_17,class_20200710-165305_17,j8Qv-8qd6,324f3748-6dd9-4f8b-9145-50521b62af36,0ff60808-1e2f-4cb6-816d-2970c6ff151a,84dcac30-a7b5-4905-9a0d-8938da7a7e30,23308204-2c7c-4e58-a173-879b9eeaeef0,155e84e6-5073-4a43-9cba-506a99343019,
tch_20200710-165305_6,d52292d9-c2a0-11ea-89f8-0242ac110002,std_1594380661940_6,class_20200710-165305_6,Ynxd-Y42X,82afc924-6de4-4ce5-9a66-8cad41670fdf,7a9b8acd-167e-4deb-936e-70c336e26190,fe473601-68c2-4612-acaa-41dd72a96f75,d5083c3b-27f8-4aca-89b3-157f1c08f310,1e9552a0-f5fc-407e-88cd-80a200b4cc8f,
tch_20200710-165305_23,d56cbb6e-c2a0-11ea-acee-0242ac110002,std_1594380662180_23,class_20200710-165305_23,widj-kAPy,4937406f-6a26-418c-9fbe-e06d8be0fb39,d0221a43-ff37-4b86-95f4-19e81eb18f65,b0f99f2e-9224-4956-bab0-3a2ab49ddf56,7dc76efd-8847-437d-bc17-ed5fb5462472,2268b16e-9bd6-47cd-9592-be17182cd16e,
tch_20200710-165305_7,d6bda530-c2a0-11ea-acee-0242ac110002,std_1594380664634_7,class_20200710-165305_7,6Zyc-BH4Q,5ee53550-3432-477b-aa68-c374507f55d6,7a8888e7-370f-443b-ae0d-b2efaf0593df,3a06a39b-5130-44ce-907c-7d3ef71e7bc4,767e9d0b-267b-432e-8e44-eacf0fd5fc44,4fcf6804-d430-4006-a4e6-300161a0219a,
tch_20200710-165305_12,d65ac41b-c2a0-11ea-89f8-0242ac110002,std_1594380664010_12,class_20200710-165305_12,F4a2-jXg2,b71c059c-15df-4a70-a6a7-f96c0a86e528,ebe60190-4a43-488f-bc62-c76da4b10bba,3eecc861-3f94-4e62-b643-8100b6d0e07d,cb40a3c5-7eb9-4fca-8f49-5387d52468e1,2a87cdfe-12aa-4530-9db5-4b9ad06acdf4,
tch_20200710-165305_16,d7b2da5a-c2a0-11ea-acee-0242ac110002,std_1594380666270_16,class_20200710-165305_16,wCG9-J782,81525557-35d4-4052-b59c-dd7c4b8236bd,e4304c1c-3af3-4a93-9ed2-793abc90c1bf,685cadf8-cd4d-46eb-b7f3-af0823c15ba5,0eedb59d-9fe5-4c15-b09d-5815b7f1fd73,fd4674e8-2f19-48a6-92c6-30353c92a615,
tch_20200710-165305_9,d9a2750c-c2a0-11ea-89f8-0242ac110002,std_1594380669526_9,class_20200710-165305_9,w68f-bxve,e61b4002-f3f5-4286-a90e-9edf0a1532c0,db0b562e-6361-420c-a0bc-8398c8345fb8,9569c2ab-1d49-4c48-80ca-4a4da7ec8f35,1ae65a31-180c-47c4-a094-4acd48ba8b6b,6d7cfe72-905e-4779-ba02-bcce95b7426d,
tch_20200710-165305_19,d8b52ee6-c2a0-11ea-af23-0242ac110002,std_1594380667979_19,class_20200710-165305_19,6jD8-Q4g2,6daee11f-d008-4e73-8621-0731469e42d8,4326209e-af32-4bdf-a322-ef1a89cb4df3,e30a1225-7033-4a27-a198-7a8dcaa0db50,01f53de1-12a1-490b-96ff-ce218e4ec4d0,31fae2d7-9fec-4ae9-8edb-7bd8a38e168c,
tch_20200710-165305_13,d9e2d985-c2a0-11ea-96b3-0242ac110002,std_1594380669926_13,class_20200710-165305_13,8LoN-9TdN,abd4ba41-c096-41ad-9632-a4f962302f29,c17fe34b-4502-43bd-9659-7f96d1cbc31b,9feaa5d4-b04e-492a-a96d-7df32499aef6,fbfa2fd6-170a-4337-8bda-6b4e364a9415,8add927c-5e51-4d85-8f18-401eaaba8efe,
tch_20200710-165305_4,d82db040-c2a0-11ea-89f8-0242ac110002,std_1594380667086_4,class_20200710-165305_4,bWzo-Vadr,0fbf52d2-3a51-4e1c-a6ad-bcd601c63678,1e83f5a2-c5a2-4f88-b2ca-b01432de9167,e58cb6f2-aae8-49ff-9e5b-eaf1e98b8f6b,8a0c26b6-40d3-44cb-a63f-8e870666e250,cb5faf75-a5d9-457b-8666-c6b1c4e0cd82,
tch_20200710-165305_11,da6ec5f3-c2a0-11ea-89f8-0242ac110002,std_1594380670827_11,class_20200710-165305_11,aXgh-Y6dh,e68c1c36-bdaa-4c7a-b20a-25e413e12293,c42e96a6-aa93-44e0-b174-5be5893abaed,e650c068-2ce8-4328-a868-83199be9903a,4c48be5e-68b3-4f55-841b-b400fc0e5b27,d59000c1-b91a-402a-af88-446916f712a5,
tch_20200710-165305_8,d9b31791-c2a0-11ea-96b3-0242ac110002,std_1594380669629_8,class_20200710-165305_8,iUw4-zedA,11c4699b-674c-4f79-be10-03953d4de233,1ddee474-6e48-4d1a-a680-7272cad3ed9b,2f2e582e-0a46-40d4-b1a9-ecd79dca7efe,1fc69945-d294-4533-a42d-c4029f109ce9,b45b3f6e-7774-4f4a-9696-f21ef284f824,
tch_20200710-165305_24,df2919ca-c2a0-11ea-acee-0242ac110002,std_1594380678517_24,class_20200710-165305_24,3HVd-6XwL,b98f9936-ab27-42c3-bb8b-f401547f9bdc,7ff08143-a3f6-4d05-9308-4c31c0142e32,5b4cd1d8-df7a-4677-876d-6fb75b71880b,e22476e1-795a-4f39-8493-7cbdfc855e0d,63823786-79f3-4f98-a3df-216f544fc3ad,
tch_20200710-165305_5,de3ce581-c2a0-11ea-96b3-0242ac110002,std_1594380677272_5,class_20200710-165305_5,Pu7Z-2fpQ,c3a6d24f-91b4-46d1-a0ee-27c8ae2faefa,1eb3f088-5a0c-40f8-9eca-115f92dd4843,0d105298-18c3-4627-bcd7-73d25cebde2d,64b399fc-e82f-460c-baba-0867f20afd3d,3a82c8e6-f532-400a-ae20-0a2e63af24c7,
tch_20200710-165305_1,de64914a-c2a0-11ea-89f8-0242ac110002,std_1594380677512_1,class_20200710-165305_1,2gYf-GMvt,62f7b464-905f-4dd7-b436-7d1ee85b4d04,ad68fb0b-6079-4612-94a5-42587a0f3c19,fde0903f-4a6f-41b3-9f1a-4886970fe3fc,1e866f4e-79f2-478c-86c8-df85e7030ded,6c743a29-939f-4127-95fb-cc686eaa1234,
tch_20200710-165305_21,dd610465-c2a0-11ea-af23-0242ac110002,std_1594380675835_21,class_20200710-165305_21,TAtJ-3rk8,3efd06d2-6c80-4788-b3b1-55bbf9fb0678,72836052-9627-430e-b897-2a131b2492d0,58b1ea0c-d37f-435b-80c4-e02eb27c56fa,5a2e15d9-68ab-4255-91f2-34c608b4ecb7,c0b32516-ffda-4ccf-88bb-d96d2dd5d73b,
tch_20200710-165305_22,e177020e-c2a0-11ea-acee-0242ac110002,std_1594380682649_22,class_20200710-165305_22,qaxr-xm6D,dcce6194-24d8-43cb-acc8-341e792fa9b0,04eadddb-b806-470f-a55e-dfa5f66e9ba2,b1e5d5d1-816f-4801-be82-83cd7f4b9938,2cd92b5a-0221-4ee6-ac03-188d50150580,cba75035-605f-4383-a5ab-7c1eba683150,
tch_20200710-165305_18,e1436e6e-c2a0-11ea-acee-0242ac110002,std_1594380682335_18,class_20200710-165305_18,3wv7-QFn4,50e6aeed-6cd4-4f81-a697-43f7e33e2c62,a7ded0bd-f27d-4804-b823-e32b5f9dd4a3,f11bbe28-1cff-4e8d-8a41-b8ca220e73f5,6d39dfc2-ddec-4037-97b5-1cea2e1052ce,b2276a51-2617-43e6-ae5e-63fadfca85bb,
tch_20200710-165305_10,df5de558-c2a0-11ea-89f8-0242ac110002,std_1594380679172_10,class_20200710-165305_10,Tr2m-EnYz,20355a9e-00d8-4f99-a279-7b6b07d3f646,b3d410c1-2dc0-4e01-9da5-4e32aeb9d5ac,461e3e19-48e4-472b-8ea3-8f03c907af14,922ef430-5436-4659-94ea-1f2a9cb41d8d,077fd08c-e7eb-409c-855b-09e998d3f885,
tch_20200710-165305_2,e03be9f1-c2a0-11ea-89f8-0242ac110002,std_1594380680588_2,class_20200710-165305_2,eE9E-eZFN,a17d5e06-fae9-4d94-bf32-b82ceb5c598c,a0b20672-43f3-465f-b7e0-61b140b70655,2666304b-fd72-460b-8194-da950d37df9c,bf50d96b-cd06-41e4-9917-91e46d51e779,d39c579c-add6-48eb-95e8-50bc91a82b10,
tch_20200710-165305_15,e0e82f21-c2a0-11ea-89f8-0242ac110002,std_1594380681724_15,class_20200710-165305_15,nGDW-mRxw,ee3c3c1a-6a2e-4916-97b3-74e0f9439923,f419d6ca-c1d8-4e49-bc17-3dfda04c5068,53e6538c-ac57-4e74-bd7f-2b5b089d22af,1d91dfff-b2fb-46e8-8fbc-b7a767eb53f2,3290258c-fed3-43ab-91b6-e6129b5c5c3f,
tch_20200710-165305_3,e120566b-c2a0-11ea-89f8-0242ac110002,std_1594380682051_3,class_20200710-165305_3,pwda-CWrT,dad81189-ee69-434a-a8cb-1a33ba83ee06,18ac3766-e36b-46ed-ba85-33459c6d6d1e,3631e28c-114a-4872-afcb-9b78546dcaaf,4bd419ef-7453-4113-b814-59d620e3bbce,76f76ec4-0acb-4bd1-bee8-96b1f0c2b785,
tch_20200710-165305_17,e356be37-c2a0-11ea-acee-0242ac110002,std_1594380685832_17,class_20200710-165305_17,j8Qv-8qd6,324f3748-6dd9-4f8b-9145-50521b62af36,0ff60808-1e2f-4cb6-816d-2970c6ff151a,84dcac30-a7b5-4905-9a0d-8938da7a7e30,23308204-2c7c-4e58-a173-879b9eeaeef0,155e84e6-5073-4a43-9cba-506a99343019,
tch_20200710-165305_14,e1dfd574-c2a0-11ea-89f8-0242ac110002,std_1594380683345_14,class_20200710-165305_14,fg6q-W3pQ,401aeb5f-4400-44a7-89ab-e6e28db0616a,12eb40fd-4642-43bf-9e6c-68fedddf0ce2,b427da57-4aed-443c-9bd5-49884737bb58,45a1d945-12fb-4b4f-b179-383b7bf66e7e,e988f99f-046a-4184-8454-c32878c40104,
tch_20200710-165305_20,e134c83f-c2a0-11ea-af23-0242ac110002,std_1594380682251_20,class_20200710-165305_20,NZbc-AXiY,ac363fd0-742c-4997-a0ee-cc578c061296,78d3f068-01f7-4b30-adfc-030b6a3c3d7d,5f5077f9-974a-42f7-a0ec-212c07811456,c0fba2f6-00b9-4850-be2f-cc987ced5c56,bd2c3d98-edfc-440d-801f-a7dc1e06cd0a,
tch_20200710-165305_12,e4b84967-c2a0-11ea-89f8-0242ac110002,std_1594380688138_12,class_20200710-165305_12,F4a2-jXg2,b71c059c-15df-4a70-a6a7-f96c0a86e528,ebe60190-4a43-488f-bc62-c76da4b10bba,3eecc861-3f94-4e62-b643-8100b6d0e07d,cb40a3c5-7eb9-4fca-8f49-5387d52468e1,2a87cdfe-12aa-4530-9db5-4b9ad06acdf4,
tch_20200710-165305_7,e4a2c63d-c2a0-11ea-acee-0242ac110002,std_1594380687991_7,class_20200710-165305_7,6Zyc-BH4Q,5ee53550-3432-477b-aa68-c374507f55d6,7a8888e7-370f-443b-ae0d-b2efaf0593df,3a06a39b-5130-44ce-907c-7d3ef71e7bc4,767e9d0b-267b-432e-8e44-eacf0fd5fc44,4fcf6804-d430-4006-a4e6-300161a0219a,
tch_20200710-165305_23,e482e20d-c2a0-11ea-89f8-0242ac110002,std_1594380687784_23,class_20200710-165305_23,widj-kAPy,4937406f-6a26-418c-9fbe-e06d8be0fb39,d0221a43-ff37-4b86-95f4-19e81eb18f65,b0f99f2e-9224-4956-bab0-3a2ab49ddf56,7dc76efd-8847-437d-bc17-ed5fb5462472,2268b16e-9bd6-47cd-9592-be17182cd16e,
tch_20200710-165305_6,e382fe7b-c2a0-11ea-af23-0242ac110002,std_1594380686104_6,class_20200710-165305_6,Ynxd-Y42X,82afc924-6de4-4ce5-9a66-8cad41670fdf,7a9b8acd-167e-4deb-936e-70c336e26190,fe473601-68c2-4612-acaa-41dd72a96f75,d5083c3b-27f8-4aca-89b3-157f1c08f310,1e9552a0-f5fc-407e-88cd-80a200b4cc8f,
tch_20200710-165305_4,e7915a18-c2a0-11ea-af23-0242ac110002,std_1594380692927_4,class_20200710-165305_4,bWzo-Vadr,0fbf52d2-3a51-4e1c-a6ad-bcd601c63678,1e83f5a2-c5a2-4f88-b2ca-b01432de9167,e58cb6f2-aae8-49ff-9e5b-eaf1e98b8f6b,8a0c26b6-40d3-44cb-a63f-8e870666e250,cb5faf75-a5d9-457b-8666-c6b1c4e0cd82,
tch_20200710-165305_13,e780b841-c2a0-11ea-acee-0242ac110002,std_1594380692740_13,class_20200710-165305_13,8LoN-9TdN,abd4ba41-c096-41ad-9632-a4f962302f29,c17fe34b-4502-43bd-9659-7f96d1cbc31b,9feaa5d4-b04e-492a-a96d-7df32499aef6,fbfa2fd6-170a-4337-8bda-6b4e364a9415,8add927c-5e51-4d85-8f18-401eaaba8efe,
tch_20200710-165305_19,e620b317-c2a0-11ea-96b3-0242ac110002,std_1594380690504_19,class_20200710-165305_19,6jD8-Q4g2,6daee11f-d008-4e73-8621-0731469e42d8,4326209e-af32-4bdf-a322-ef1a89cb4df3,e30a1225-7033-4a27-a198-7a8dcaa0db50,01f53de1-12a1-490b-96ff-ce218e4ec4d0,31fae2d7-9fec-4ae9-8edb-7bd8a38e168c,
tch_20200710-165305_9,e60e8a93-c2a0-11ea-af23-0242ac110002,std_1594380690392_9,class_20200710-165305_9,w68f-bxve,e61b4002-f3f5-4286-a90e-9edf0a1532c0,db0b562e-6361-420c-a0bc-8398c8345fb8,9569c2ab-1d49-4c48-80ca-4a4da7ec8f35,1ae65a31-180c-47c4-a094-4acd48ba8b6b,6d7cfe72-905e-4779-ba02-bcce95b7426d,
tch_20200710-165305_16,e562e1c3-c2a0-11ea-acee-0242ac110002,std_1594380689226_16,class_20200710-165305_16,wCG9-J782,81525557-35d4-4052-b59c-dd7c4b8236bd,e4304c1c-3af3-4a93-9ed2-793abc90c1bf,685cadf8-cd4d-46eb-b7f3-af0823c15ba5,0eedb59d-9fe5-4c15-b09d-5815b7f1fd73,fd4674e8-2f19-48a6-92c6-30353c92a615,
tch_20200710-165305_11,e9521d3a-c2a0-11ea-af23-0242ac110002,std_1594380695836_11,class_20200710-165305_11,aXgh-Y6dh,e68c1c36-bdaa-4c7a-b20a-25e413e12293,c42e96a6-aa93-44e0-b174-5be5893abaed,e650c068-2ce8-4328-a868-83199be9903a,4c48be5e-68b3-4f55-841b-b400fc0e5b27,d59000c1-b91a-402a-af88-446916f712a5,
tch_20200710-165305_25,ea75405d-c2a0-11ea-96b3-0242ac110002,std_1594380697369_25,class_20200710-165305_25,g94A-sHQy,643c2825-dfef-4756-b25c-9d074ea5b448,55cab46a-b0f6-40b6-973d-34f123f9adc6,8b4cd505-161f-4ee6-b2c6-42cc3efe0867,bfe23cdb-6637-4715-a60e-8e636b61efdc,1ce2bb73-490a-4978-a340-e8f9a9291196,
tch_20200710-165305_5,eb837be2-c2a0-11ea-acee-0242ac110002,std_1594380699479_5,class_20200710-165305_5,Pu7Z-2fpQ,c3a6d24f-91b4-46d1-a0ee-27c8ae2faefa,1eb3f088-5a0c-40f8-9eca-115f92dd4843,0d105298-18c3-4627-bcd7-73d25cebde2d,64b399fc-e82f-460c-baba-0867f20afd3d,3a82c8e6-f532-400a-ae20-0a2e63af24c7,
tch_20200710-165305_21,ecb3e5d3-c2a0-11ea-89f8-0242ac110002,std_1594380701529_21,class_20200710-165305_21,TAtJ-3rk8,3efd06d2-6c80-4788-b3b1-55bbf9fb0678,72836052-9627-430e-b897-2a131b2492d0,58b1ea0c-d37f-435b-80c4-e02eb27c56fa,5a2e15d9-68ab-4255-91f2-34c608b4ecb7,c0b32516-ffda-4ccf-88bb-d96d2dd5d73b,
tch_20200710-165305_1,ebe74780-c2a0-11ea-af23-0242ac110002,std_1594380700141_1,class_20200710-165305_1,2gYf-GMvt,62f7b464-905f-4dd7-b436-7d1ee85b4d04,ad68fb0b-6079-4612-94a5-42587a0f3c19,fde0903f-4a6f-41b3-9f1a-4886970fe3fc,1e866f4e-79f2-478c-86c8-df85e7030ded,6c743a29-939f-4127-95fb-cc686eaa1234,
tch_20200710-165305_8,e9da878e-c2a0-11ea-af23-0242ac110002,std_1594380696735_8,class_20200710-165305_8,iUw4-zedA,11c4699b-674c-4f79-be10-03953d4de233,1ddee474-6e48-4d1a-a680-7272cad3ed9b,2f2e582e-0a46-40d4-b1a9-ecd79dca7efe,1fc69945-d294-4533-a42d-c4029f109ce9,b45b3f6e-7774-4f4a-9696-f21ef284f824,
tch_20200710-165305_24,eb433e79-c2a0-11ea-af23-0242ac110002,std_1594380699118_24,class_20200710-165305_24,3HVd-6XwL,b98f9936-ab27-42c3-bb8b-f401547f9bdc,7ff08143-a3f6-4d05-9308-4c31c0142e32,5b4cd1d8-df7a-4677-876d-6fb75b71880b,e22476e1-795a-4f39-8493-7cbdfc855e0d,63823786-79f3-4f98-a3df-216f544fc3ad,
tch_20200710-165305_18,ed99b266-c2a0-11ea-acee-0242ac110002,std_1594380703030_18,class_20200710-165305_18,3wv7-QFn4,50e6aeed-6cd4-4f81-a697-43f7e33e2c62,a7ded0bd-f27d-4804-b823-e32b5f9dd4a3,f11bbe28-1cff-4e8d-8a41-b8ca220e73f5,6d39dfc2-ddec-4037-97b5-1cea2e1052ce,b2276a51-2617-43e6-ae5e-63fadfca85bb,
tch_20200710-165305_10,edeb2db9-c2a0-11ea-af23-0242ac110002,std_1594380703577_10,class_20200710-165305_10,Tr2m-EnYz,20355a9e-00d8-4f99-a279-7b6b07d3f646,b3d410c1-2dc0-4e01-9da5-4e32aeb9d5ac,461e3e19-48e4-472b-8ea3-8f03c907af14,922ef430-5436-4659-94ea-1f2a9cb41d8d,077fd08c-e7eb-409c-855b-09e998d3f885,
tch_20200710-165305_22,ed778492-c2a0-11ea-af23-0242ac110002,std_1594380702825_22,class_20200710-165305_22,qaxr-xm6D,dcce6194-24d8-43cb-acc8-341e792fa9b0,04eadddb-b806-470f-a55e-dfa5f66e9ba2,b1e5d5d1-816f-4801-be82-83cd7f4b9938,2cd92b5a-0221-4ee6-ac03-188d50150580,cba75035-605f-4383-a5ab-7c1eba683150,
tch_20200710-165305_3,ef95f731-c2a0-11ea-af23-0242ac110002,std_1594380706364_3,class_20200710-165305_3,pwda-CWrT,dad81189-ee69-434a-a8cb-1a33ba83ee06,18ac3766-e36b-46ed-ba85-33459c6d6d1e,3631e28c-114a-4872-afcb-9b78546dcaaf,4bd419ef-7453-4113-b814-59d620e3bbce,76f76ec4-0acb-4bd1-bee8-96b1f0c2b785,
tch_20200710-165305_15,ef347610-c2a0-11ea-96b3-0242ac110002,std_1594380705727_15,class_20200710-165305_15,nGDW-mRxw,ee3c3c1a-6a2e-4916-97b3-74e0f9439923,f419d6ca-c1d8-4e49-bc17-3dfda04c5068,53e6538c-ac57-4e74-bd7f-2b5b089d22af,1d91dfff-b2fb-46e8-8fbc-b7a767eb53f2,3290258c-fed3-43ab-91b6-e6129b5c5c3f,
tch_20200710-165305_14,f00c383b-c2a0-11ea-acee-0242ac110002,std_1594380707140_14,class_20200710-165305_14,fg6q-W3pQ,401aeb5f-4400-44a7-89ab-e6e28db0616a,12eb40fd-4642-43bf-9e6c-68fedddf0ce2,b427da57-4aed-443c-9bd5-49884737bb58,45a1d945-12fb-4b4f-b179-383b7bf66e7e,e988f99f-046a-4184-8454-c32878c40104,
tch_20200710-165305_2,ef0ffe9e-c2a0-11ea-af23-0242ac110002,std_1594380705492_2,class_20200710-165305_2,eE9E-eZFN,a17d5e06-fae9-4d94-bf32-b82ceb5c598c,a0b20672-43f3-465f-b7e0-61b140b70655,2666304b-fd72-460b-8194-da950d37df9c,bf50d96b-cd06-41e4-9917-91e46d51e779,d39c579c-add6-48eb-95e8-50bc91a82b10,
tch_20200710-165305_6,f1addb05-c2a0-11ea-acee-0242ac110002,std_1594380709870_6,class_20200710-165305_6,Ynxd-Y42X,82afc924-6de4-4ce5-9a66-8cad41670fdf,7a9b8acd-167e-4deb-936e-70c336e26190,fe473601-68c2-4612-acaa-41dd72a96f75,d5083c3b-27f8-4aca-89b3-157f1c08f310,1e9552a0-f5fc-407e-88cd-80a200b4cc8f,
tch_20200710-165305_20,f07e8207-c2a0-11ea-89f8-0242ac110002,std_1594380707864_20,class_20200710-165305_20,NZbc-AXiY,ac363fd0-742c-4997-a0ee-cc578c061296,78d3f068-01f7-4b30-adfc-030b6a3c3d7d,5f5077f9-974a-42f7-a0ec-212c07811456,c0fba2f6-00b9-4850-be2f-cc987ced5c56,bd2c3d98-edfc-440d-801f-a7dc1e06cd0a,
tch_20200710-165305_12,f0b2d93c-c2a0-11ea-af23-0242ac110002,std_1594380708258_12,class_20200710-165305_12,F4a2-jXg2,b71c059c-15df-4a70-a6a7-f96c0a86e528,ebe60190-4a43-488f-bc62-c76da4b10bba,3eecc861-3f94-4e62-b643-8100b6d0e07d,cb40a3c5-7eb9-4fca-8f49-5387d52468e1,2a87cdfe-12aa-4530-9db5-4b9ad06acdf4,
tch_20200710-165305_17,f0092b20-c2a0-11ea-96b3-0242ac110002,std_1594380707090_17,class_20200710-165305_17,j8Qv-8qd6,324f3748-6dd9-4f8b-9145-50521b62af36,0ff60808-1e2f-4cb6-816d-2970c6ff151a,84dcac30-a7b5-4905-9a0d-8938da7a7e30,23308204-2c7c-4e58-a173-879b9eeaeef0,155e84e6-5073-4a43-9cba-506a99343019,
tch_20200710-165305_23,f19bd970-c2a0-11ea-acee-0242ac110002,std_1594380709785_23,class_20200710-165305_23,widj-kAPy,4937406f-6a26-418c-9fbe-e06d8be0fb39,d0221a43-ff37-4b86-95f4-19e81eb18f65,b0f99f2e-9224-4956-bab0-3a2ab49ddf56,7dc76efd-8847-437d-bc17-ed5fb5462472,2268b16e-9bd6-47cd-9592-be17182cd16e,
tch_20200710-165305_7,f198567f-c2a0-11ea-89f8-0242ac110002,std_1594380709749_7,class_20200710-165305_7,6Zyc-BH4Q,5ee53550-3432-477b-aa68-c374507f55d6,7a8888e7-370f-443b-ae0d-b2efaf0593df,3a06a39b-5130-44ce-907c-7d3ef71e7bc4,767e9d0b-267b-432e-8e44-eacf0fd5fc44,4fcf6804-d430-4006-a4e6-300161a0219a,
tch_20200710-165305_4,f350dbfd-c2a0-11ea-acee-0242ac110002,std_1594380712609_4,class_20200710-165305_4,bWzo-Vadr,0fbf52d2-3a51-4e1c-a6ad-bcd601c63678,1e83f5a2-c5a2-4f88-b2ca-b01432de9167,e58cb6f2-aae8-49ff-9e5b-eaf1e98b8f6b,8a0c26b6-40d3-44cb-a63f-8e870666e250,cb5faf75-a5d9-457b-8666-c6b1c4e0cd82,
tch_20200710-165305_25,f60c52bf-c2a0-11ea-af23-0242ac110002,std_1594380717175_25,class_20200710-165305_25,g94A-sHQy,643c2825-dfef-4756-b25c-9d074ea5b448,55cab46a-b0f6-40b6-973d-34f123f9adc6,8b4cd505-161f-4ee6-b2c6-42cc3efe0867,bfe23cdb-6637-4715-a60e-8e636b61efdc,1ce2bb73-490a-4978-a340-e8f9a9291196,
tch_20200710-165305_9,f475d46d-c2a0-11ea-96b3-0242ac110002,std_1594380714526_9,class_20200710-165305_9,w68f-bxve,e61b4002-f3f5-4286-a90e-9edf0a1532c0,db0b562e-6361-420c-a0bc-8398c8345fb8,9569c2ab-1d49-4c48-80ca-4a4da7ec8f35,1ae65a31-180c-47c4-a094-4acd48ba8b6b,6d7cfe72-905e-4779-ba02-bcce95b7426d,
tch_20200710-165305_13,f42e1d3b-c2a0-11ea-96b3-0242ac110002,std_1594380714061_13,class_20200710-165305_13,8LoN-9TdN,abd4ba41-c096-41ad-9632-a4f962302f29,c17fe34b-4502-43bd-9659-7f96d1cbc31b,9feaa5d4-b04e-492a-a96d-7df32499aef6,fbfa2fd6-170a-4337-8bda-6b4e364a9415,8add927c-5e51-4d85-8f18-401eaaba8efe,
tch_20200710-165305_11,f5fa03a3-c2a0-11ea-acee-0242ac110002,std_1594380717109_11,class_20200710-165305_11,aXgh-Y6dh,e68c1c36-bdaa-4c7a-b20a-25e413e12293,c42e96a6-aa93-44e0-b174-5be5893abaed,e650c068-2ce8-4328-a868-83199be9903a,4c48be5e-68b3-4f55-841b-b400fc0e5b27,d59000c1-b91a-402a-af88-446916f712a5,
tch_20200710-165305_16,f4ae7091-c2a0-11ea-89f8-0242ac110002,std_1594380714856_16,class_20200710-165305_16,wCG9-J782,81525557-35d4-4052-b59c-dd7c4b8236bd,e4304c1c-3af3-4a93-9ed2-793abc90c1bf,685cadf8-cd4d-46eb-b7f3-af0823c15ba5,0eedb59d-9fe5-4c15-b09d-5815b7f1fd73,fd4674e8-2f19-48a6-92c6-30353c92a615,
tch_20200710-165305_26,f61505c1-c2a0-11ea-96b3-0242ac110002,std_1594380716964_26,class_20200710-165305_26,PmjU-qzp9,c218b767-2aca-4670-beca-ff3ea98e597a,46f243ab-3899-42d7-b4ea-831e9db4d86b,a1cf7ccc-0f93-4f5a-ac98-84f66f284b12,514daeb2-16ee-4688-9aba-03ae4be9d563,f52a725c-3802-4924-b963-8e9b040e77ae,
tch_20200710-165305_19,f453a691-c2a0-11ea-af23-0242ac110002,std_1594380714333_19,class_20200710-165305_19,6jD8-Q4g2,6daee11f-d008-4e73-8621-0731469e42d8,4326209e-af32-4bdf-a322-ef1a89cb4df3,e30a1225-7033-4a27-a198-7a8dcaa0db50,01f53de1-12a1-490b-96ff-ce218e4ec4d0,31fae2d7-9fec-4ae9-8edb-7bd8a38e168c,
tch_20200710-165305_18,fac14fa1-c2a0-11ea-89f8-0242ac110002,std_1594380725110_18,class_20200710-165305_18,3wv7-QFn4,50e6aeed-6cd4-4f81-a697-43f7e33e2c62,a7ded0bd-f27d-4804-b823-e32b5f9dd4a3,f11bbe28-1cff-4e8d-8a41-b8ca220e73f5,6d39dfc2-ddec-4037-97b5-1cea2e1052ce,b2276a51-2617-43e6-ae5e-63fadfca85bb,
tch_20200710-165305_21,f92b6cd4-c2a0-11ea-89f8-0242ac110002,std_1594380722450_21,class_20200710-165305_21,TAtJ-3rk8,3efd06d2-6c80-4788-b3b1-55bbf9fb0678,72836052-9627-430e-b897-2a131b2492d0,58b1ea0c-d37f-435b-80c4-e02eb27c56fa,5a2e15d9-68ab-4255-91f2-34c608b4ecb7,c0b32516-ffda-4ccf-88bb-d96d2dd5d73b,
tch_20200710-165305_22,fae0e502-c2a0-11ea-89f8-0242ac110002,std_1594380725307_22,class_20200710-165305_22,qaxr-xm6D,dcce6194-24d8-43cb-acc8-341e792fa9b0,04eadddb-b806-470f-a55e-dfa5f66e9ba2,b1e5d5d1-816f-4801-be82-83cd7f4b9938,2cd92b5a-0221-4ee6-ac03-188d50150580,cba75035-605f-4383-a5ab-7c1eba683150,
tch_20200710-165305_5,f8f4a549-c2a0-11ea-af23-0242ac110002,std_1594380722094_5,class_20200710-165305_5,Pu7Z-2fpQ,c3a6d24f-91b4-46d1-a0ee-27c8ae2faefa,1eb3f088-5a0c-40f8-9eca-115f92dd4843,0d105298-18c3-4627-bcd7-73d25cebde2d,64b399fc-e82f-460c-baba-0867f20afd3d,3a82c8e6-f532-400a-ae20-0a2e63af24c7,
tch_20200710-165305_8,f9d679eb-c2a0-11ea-96b3-0242ac110002,std_1594380723578_8,class_20200710-165305_8,iUw4-zedA,11c4699b-674c-4f79-be10-03953d4de233,1ddee474-6e48-4d1a-a680-7272cad3ed9b,2f2e582e-0a46-40d4-b1a9-ecd79dca7efe,1fc69945-d294-4533-a42d-c4029f109ce9,b45b3f6e-7774-4f4a-9696-f21ef284f824,
tch_20200710-165305_10,fad04365-c2a0-11ea-96b3-0242ac110002,std_1594380725208_10,class_20200710-165305_10,Tr2m-EnYz,20355a9e-00d8-4f99-a279-7b6b07d3f646,b3d410c1-2dc0-4e01-9da5-4e32aeb9d5ac,461e3e19-48e4-472b-8ea3-8f03c907af14,922ef430-5436-4659-94ea-1f2a9cb41d8d,077fd08c-e7eb-409c-855b-09e998d3f885,
tch_20200710-165305_24,f9ff85f4-c2a0-11ea-96b3-0242ac110002,std_1594380723826_24,class_20200710-165305_24,3HVd-6XwL,b98f9936-ab27-42c3-bb8b-f401547f9bdc,7ff08143-a3f6-4d05-9308-4c31c0142e32,5b4cd1d8-df7a-4677-876d-6fb75b71880b,e22476e1-795a-4f39-8493-7cbdfc855e0d,63823786-79f3-4f98-a3df-216f544fc3ad,
tch_20200710-165305_3,fb443b78-c2a0-11ea-89f8-0242ac110002,std_1594380725955_3,class_20200710-165305_3,pwda-CWrT,dad81189-ee69-434a-a8cb-1a33ba83ee06,18ac3766-e36b-46ed-ba85-33459c6d6d1e,3631e28c-114a-4872-afcb-9b78546dcaaf,4bd419ef-7453-4113-b814-59d620e3bbce,76f76ec4-0acb-4bd1-bee8-96b1f0c2b785,
tch_20200710-165305_23,ff650da8-c2a0-11ea-acee-0242ac110002,std_1594380732893_23,class_20200710-165305_23,widj-kAPy,4937406f-6a26-418c-9fbe-e06d8be0fb39,d0221a43-ff37-4b86-95f4-19e81eb18f65,b0f99f2e-9224-4956-bab0-3a2ab49ddf56,7dc76efd-8847-437d-bc17-ed5fb5462472,2268b16e-9bd6-47cd-9592-be17182cd16e,
tch_20200710-165305_20,fe14726b-c2a0-11ea-89f8-0242ac110002,std_1594380730695_20,class_20200710-165305_20,NZbc-AXiY,ac363fd0-742c-4997-a0ee-cc578c061296,78d3f068-01f7-4b30-adfc-030b6a3c3d7d,5f5077f9-974a-42f7-a0ec-212c07811456,c0fba2f6-00b9-4850-be2f-cc987ced5c56,bd2c3d98-edfc-440d-801f-a7dc1e06cd0a,
tch_20200710-165305_14,fd0a551c-c2a0-11ea-96b3-0242ac110002,std_1594380728938_14,class_20200710-165305_14,fg6q-W3pQ,401aeb5f-4400-44a7-89ab-e6e28db0616a,12eb40fd-4642-43bf-9e6c-68fedddf0ce2,b427da57-4aed-443c-9bd5-49884737bb58,45a1d945-12fb-4b4f-b179-383b7bf66e7e,e988f99f-046a-4184-8454-c32878c40104,
tch_20200710-165305_15,fcb075a1-c2a0-11ea-96b3-0242ac110002,std_1594380728367_15,class_20200710-165305_15,nGDW-mRxw,ee3c3c1a-6a2e-4916-97b3-74e0f9439923,f419d6ca-c1d8-4e49-bc17-3dfda04c5068,53e6538c-ac57-4e74-bd7f-2b5b089d22af,1d91dfff-b2fb-46e8-8fbc-b7a767eb53f2,3290258c-fed3-43ab-91b6-e6129b5c5c3f,
tch_20200710-165305_17,fec0b7cb-c2a0-11ea-af23-0242ac110002,std_1594380731809_17,class_20200710-165305_17,j8Qv-8qd6,324f3748-6dd9-4f8b-9145-50521b62af36,0ff60808-1e2f-4cb6-816d-2970c6ff151a,84dcac30-a7b5-4905-9a0d-8938da7a7e30,23308204-2c7c-4e58-a173-879b9eeaeef0,155e84e6-5073-4a43-9cba-506a99343019,
tch_20200710-165305_6,fdf4b540-c2a0-11ea-89f8-0242ac110002,std_1594380730486_6,class_20200710-165305_6,Ynxd-Y42X,82afc924-6de4-4ce5-9a66-8cad41670fdf,7a9b8acd-167e-4deb-936e-70c336e26190,fe473601-68c2-4612-acaa-41dd72a96f75,d5083c3b-27f8-4aca-89b3-157f1c08f310,1e9552a0-f5fc-407e-88cd-80a200b4cc8f,
tch_20200710-165305_7,ffe64bf6-c2a0-11ea-af23-0242ac110002,std_1594380733750_7,class_20200710-165305_7,6Zyc-BH4Q,5ee53550-3432-477b-aa68-c374507f55d6,7a8888e7-370f-443b-ae0d-b2efaf0593df,3a06a39b-5130-44ce-907c-7d3ef71e7bc4,767e9d0b-267b-432e-8e44-eacf0fd5fc44,4fcf6804-d430-4006-a4e6-300161a0219a,
tch_20200710-165305_12,fe8f4723-c2a0-11ea-acee-0242ac110002,std_1594380731491_12,class_20200710-165305_12,F4a2-jXg2,b71c059c-15df-4a70-a6a7-f96c0a86e528,ebe60190-4a43-488f-bc62-c76da4b10bba,3eecc861-3f94-4e62-b643-8100b6d0e07d,cb40a3c5-7eb9-4fca-8f49-5387d52468e1,2a87cdfe-12aa-4530-9db5-4b9ad06acdf4,
tch_20200710-165305_25,020de74d-c2a1-11ea-acee-0242ac110002,std_1594380737346_25,class_20200710-165305_25,g94A-sHQy,643c2825-dfef-4756-b25c-9d074ea5b448,55cab46a-b0f6-40b6-973d-34f123f9adc6,8b4cd505-161f-4ee6-b2c6-42cc3efe0867,bfe23cdb-6637-4715-a60e-8e636b61efdc,1ce2bb73-490a-4978-a340-e8f9a9291196,
tch_20200710-165305_4,003c5aae-c2a1-11ea-89f8-0242ac110002,std_1594380734266_4,class_20200710-165305_4,bWzo-Vadr,0fbf52d2-3a51-4e1c-a6ad-bcd601c63678,1e83f5a2-c5a2-4f88-b2ca-b01432de9167,e58cb6f2-aae8-49ff-9e5b-eaf1e98b8f6b,8a0c26b6-40d3-44cb-a63f-8e870666e250,cb5faf75-a5d9-457b-8666-c6b1c4e0cd82,
tch_20200710-165305_9,028428ac-c2a1-11ea-96b3-0242ac110002,std_1594380738128_9,class_20200710-165305_9,w68f-bxve,e61b4002-f3f5-4286-a90e-9edf0a1532c0,db0b562e-6361-420c-a0bc-8398c8345fb8,9569c2ab-1d49-4c48-80ca-4a4da7ec8f35,1ae65a31-180c-47c4-a094-4acd48ba8b6b,6d7cfe72-905e-4779-ba02-bcce95b7426d,
tch_20200710-165305_19,04999ad7-c2a1-11ea-af23-0242ac110002,std_1594380741616_19,class_20200710-165305_19,6jD8-Q4g2,6daee11f-d008-4e73-8621-0731469e42d8,4326209e-af32-4bdf-a322-ef1a89cb4df3,e30a1225-7033-4a27-a198-7a8dcaa0db50,01f53de1-12a1-490b-96ff-ce218e4ec4d0,31fae2d7-9fec-4ae9-8edb-7bd8a38e168c,
tch_20200710-165305_13,03678306-c2a1-11ea-acee-0242ac110002,std_1594380739632_13,class_20200710-165305_13,8LoN-9TdN,abd4ba41-c096-41ad-9632-a4f962302f29,c17fe34b-4502-43bd-9659-7f96d1cbc31b,9feaa5d4-b04e-492a-a96d-7df32499aef6,fbfa2fd6-170a-4337-8bda-6b4e364a9415,8add927c-5e51-4d85-8f18-401eaaba8efe,
tch_20200710-165305_27,04cbce39-c2a1-11ea-96b3-0242ac110002,std_1594380741666_27,class_20200710-165305_27,7LZ8-3mop,ea8af3fd-daed-447b-81e3-0e767a5d72ac,4bf0c141-84c1-4f36-95af-f51313746246,c30cf5c3-90b1-4652-a72e-43985eb794e1,c6b433b3-e424-4e87-a181-8244144e40ba,32a9c5f0-c570-48ab-ae3e-4c5994194e28,
tch_20200710-165305_11,03aeec51-c2a1-11ea-96b3-0242ac110002,std_1594380740076_11,class_20200710-165305_11,aXgh-Y6dh,e68c1c36-bdaa-4c7a-b20a-25e413e12293,c42e96a6-aa93-44e0-b174-5be5893abaed,e650c068-2ce8-4328-a868-83199be9903a,4c48be5e-68b3-4f55-841b-b400fc0e5b27,d59000c1-b91a-402a-af88-446916f712a5,
tch_20200710-165305_18,065aab7c-c2a1-11ea-96b3-0242ac110002,std_1594380744521_18,class_20200710-165305_18,3wv7-QFn4,50e6aeed-6cd4-4f81-a697-43f7e33e2c62,a7ded0bd-f27d-4804-b823-e32b5f9dd4a3,f11bbe28-1cff-4e8d-8a41-b8ca220e73f5,6d39dfc2-ddec-4037-97b5-1cea2e1052ce,b2276a51-2617-43e6-ae5e-63fadfca85bb,
tch_20200710-165305_26,0493592b-c2a1-11ea-af23-0242ac110002,std_1594380741599_26,class_20200710-165305_26,PmjU-qzp9,c218b767-2aca-4670-beca-ff3ea98e597a,46f243ab-3899-42d7-b4ea-831e9db4d86b,a1cf7ccc-0f93-4f5a-ac98-84f66f284b12,514daeb2-16ee-4688-9aba-03ae4be9d563,f52a725c-3802-4924-b963-8e9b040e77ae,
tch_20200710-165305_16,03ebceff-c2a1-11ea-acee-0242ac110002,std_1594380740488_16,class_20200710-165305_16,wCG9-J782,81525557-35d4-4052-b59c-dd7c4b8236bd,e4304c1c-3af3-4a93-9ed2-793abc90c1bf,685cadf8-cd4d-46eb-b7f3-af0823c15ba5,0eedb59d-9fe5-4c15-b09d-5815b7f1fd73,fd4674e8-2f19-48a6-92c6-30353c92a615,
tch_20200710-165305_5,079bb752-c2a1-11ea-96b3-0242ac110002,std_1594380746664_5,class_20200710-165305_5,Pu7Z-2fpQ,c3a6d24f-91b4-46d1-a0ee-27c8ae2faefa,1eb3f088-5a0c-40f8-9eca-115f92dd4843,0d105298-18c3-4627-bcd7-73d25cebde2d,64b399fc-e82f-460c-baba-0867f20afd3d,3a82c8e6-f532-400a-ae20-0a2e63af24c7,
tch_20200710-165305_24,084404c1-c2a1-11ea-af23-0242ac110002,std_1594380747745_24,class_20200710-165305_24,3HVd-6XwL,b98f9936-ab27-42c3-bb8b-f401547f9bdc,7ff08143-a3f6-4d05-9308-4c31c0142e32,5b4cd1d8-df7a-4677-876d-6fb75b71880b,e22476e1-795a-4f39-8493-7cbdfc855e0d,63823786-79f3-4f98-a3df-216f544fc3ad,
tch_20200710-165305_21,0666e035-c2a1-11ea-af23-0242ac110002,std_1594380744642_21,class_20200710-165305_21,TAtJ-3rk8,3efd06d2-6c80-4788-b3b1-55bbf9fb0678,72836052-9627-430e-b897-2a131b2492d0,58b1ea0c-d37f-435b-80c4-e02eb27c56fa,5a2e15d9-68ab-4255-91f2-34c608b4ecb7,c0b32516-ffda-4ccf-88bb-d96d2dd5d73b,
tch_20200710-165305_22,07235319-c2a1-11ea-89f8-0242ac110002,std_1594380745891_22,class_20200710-165305_22,qaxr-xm6D,dcce6194-24d8-43cb-acc8-341e792fa9b0,04eadddb-b806-470f-a55e-dfa5f66e9ba2,b1e5d5d1-816f-4801-be82-83cd7f4b9938,2cd92b5a-0221-4ee6-ac03-188d50150580,cba75035-605f-4383-a5ab-7c1eba683150,
tch_20200710-165305_14,0b26b2fd-c2a1-11ea-acee-0242ac110002,std_1594380752615_14,class_20200710-165305_14,fg6q-W3pQ,401aeb5f-4400-44a7-89ab-e6e28db0616a,12eb40fd-4642-43bf-9e6c-68fedddf0ce2,b427da57-4aed-443c-9bd5-49884737bb58,45a1d945-12fb-4b4f-b179-383b7bf66e7e,e988f99f-046a-4184-8454-c32878c40104,
tch_20200710-165305_8,07b691d8-c2a1-11ea-acee-0242ac110002,std_1594380746824_8,class_20200710-165305_8,iUw4-zedA,11c4699b-674c-4f79-be10-03953d4de233,1ddee474-6e48-4d1a-a680-7272cad3ed9b,2f2e582e-0a46-40d4-b1a9-ecd79dca7efe,1fc69945-d294-4533-a42d-c4029f109ce9,b45b3f6e-7774-4f4a-9696-f21ef284f824,
tch_20200710-165305_10tch_20200710-165305_20,,082cac1a-c2a1-11ea-89f8-0242ac1100020b2c57a4-c2a1-11ea-af23-0242ac110002,,std_1594380747634_10std_1594380752601_20,,class_20200710-165305_10class_20200710-165305_20,,Tr2m-EnYzNZbc-AXiY,,20355a9e-00d8-4f99-a279-7b6b07d3f646,b3d410c1-2dc0-4e01-9da5-4e32aeb9d5ac,461e3e19-48e4-472b-8ea3-8f03c907af14,922ef430-5436-4659-94ea-1f2a9cb41d8d,077fd08c-e7eb-409c-855b-09e998d3f885,ac363fd0-742c-4997-a0ee-cc578c061296,78d3f068-01f7-4b30-adfc-030b6a3c3d7d,5f5077f9-974a-42f7-a0ec-212c07811456,c0fba2f6-00b9-4850-be2f-cc987ced5c56,bd2c3d98-edfc-440d-801f-a7dc1e06cd0a,

tch_20200710-165305_28,0c4e1bf3-c2a1-11ea-af23-0242ac110002,std_1594380754277_28,class_20200710-165305_28,u6zE-9H6e,c6703ab8-96a1-4bcd-8d95-022bdeda8e59,ce1698ec-724d-4206-aa68-e1dec146ce66,6b5f998b-8e9b-4f51-9287-c28cba3238c1,64cbc042-708e-4fd1-a424-a5e8a9afa04a,a77ffa29-ee99-44bb-a044-daa861e92f55,
tch_20200710-165305_6,0bcc1a62-c2a1-11ea-89f8-0242ac110002,std_1594380753706_6,class_20200710-165305_6,Ynxd-Y42X,82afc924-6de4-4ce5-9a66-8cad41670fdf,7a9b8acd-167e-4deb-936e-70c336e26190,fe473601-68c2-4612-acaa-41dd72a96f75,d5083c3b-27f8-4aca-89b3-157f1c08f310,1e9552a0-f5fc-407e-88cd-80a200b4cc8f,
tch_20200710-165305_23,0a6a1964-c2a1-11ea-af23-0242ac110002,std_1594380751361_23,class_20200710-165305_23,widj-kAPy,4937406f-6a26-418c-9fbe-e06d8be0fb39,d0221a43-ff37-4b86-95f4-19e81eb18f65,b0f99f2e-9224-4956-bab0-3a2ab49ddf56,7dc76efd-8847-437d-bc17-ed5fb5462472,2268b16e-9bd6-47cd-9592-be17182cd16e,
tch_20200710-165305_15,0b5d2c5e-c2a1-11ea-96b3-0242ac110002,std_1594380752962_15,class_20200710-165305_15,nGDW-mRxw,ee3c3c1a-6a2e-4916-97b3-74e0f9439923,f419d6ca-c1d8-4e49-bc17-3dfda04c5068,53e6538c-ac57-4e74-bd7f-2b5b089d22af,1d91dfff-b2fb-46e8-8fbc-b7a767eb53f2,3290258c-fed3-43ab-91b6-e6129b5c5c3f,
tch_20200710-165305_17,0bb47365-c2a1-11ea-89f8-0242ac110002,std_1594380753540_17,class_20200710-165305_17,j8Qv-8qd6,324f3748-6dd9-4f8b-9145-50521b62af36,0ff60808-1e2f-4cb6-816d-2970c6ff151a,84dcac30-a7b5-4905-9a0d-8938da7a7e30,23308204-2c7c-4e58-a173-879b9eeaeef0,155e84e6-5073-4a43-9cba-506a99343019,
tch_20200710-165305_9,0f96b6c0-c2a1-11ea-af23-0242ac110002,std_1594380760062_9,class_20200710-165305_9,w68f-bxve,e61b4002-f3f5-4286-a90e-9edf0a1532c0,db0b562e-6361-420c-a0bc-8398c8345fb8,9569c2ab-1d49-4c48-80ca-4a4da7ec8f35,1ae65a31-180c-47c4-a094-4acd48ba8b6b,6d7cfe72-905e-4779-ba02-bcce95b7426d,
tch_20200710-165305_7,0c5a9f36-c2a1-11ea-af23-0242ac110002,std_1594380754642_7,class_20200710-165305_7,6Zyc-BH4Q,5ee53550-3432-477b-aa68-c374507f55d6,7a8888e7-370f-443b-ae0d-b2efaf0593df,3a06a39b-5130-44ce-907c-7d3ef71e7bc4,767e9d0b-267b-432e-8e44-eacf0fd5fc44,4fcf6804-d430-4006-a4e6-300161a0219a,
tch_20200710-165305_12,0cb9aebe-c2a1-11ea-af23-0242ac110002,std_1594380755259_12,class_20200710-165305_12,F4a2-jXg2,b71c059c-15df-4a70-a6a7-f96c0a86e528,ebe60190-4a43-488f-bc62-c76da4b10bba,3eecc861-3f94-4e62-b643-8100b6d0e07d,cb40a3c5-7eb9-4fca-8f49-5387d52468e1,2a87cdfe-12aa-4530-9db5-4b9ad06acdf4,
tch_20200710-165305_25,0eee425c-c2a1-11ea-89f8-0242ac110002,std_1594380758946_25,class_20200710-165305_25,g94A-sHQy,643c2825-dfef-4756-b25c-9d074ea5b448,55cab46a-b0f6-40b6-973d-34f123f9adc6,8b4cd505-161f-4ee6-b2c6-42cc3efe0867,bfe23cdb-6637-4715-a60e-8e636b61efdc,1ce2bb73-490a-4978-a340-e8f9a9291196,
tch_20200710-165305_19,0fc604ce-c2a1-11ea-89f8-0242ac110002,std_1594380760377_19,class_20200710-165305_19,6jD8-Q4g2,6daee11f-d008-4e73-8621-0731469e42d8,4326209e-af32-4bdf-a322-ef1a89cb4df3,e30a1225-7033-4a27-a198-7a8dcaa0db50,01f53de1-12a1-490b-96ff-ce218e4ec4d0,31fae2d7-9fec-4ae9-8edb-7bd8a38e168c,
tch_20200710-165305_4,0f043b02-c2a1-11ea-af23-0242ac110002,std_1594380759096_4,class_20200710-165305_4,bWzo-Vadr,0fbf52d2-3a51-4e1c-a6ad-bcd601c63678,1e83f5a2-c5a2-4f88-b2ca-b01432de9167,e58cb6f2-aae8-49ff-9e5b-eaf1e98b8f6b,8a0c26b6-40d3-44cb-a63f-8e870666e250,cb5faf75-a5d9-457b-8666-c6b1c4e0cd82,
tch_20200710-165305_18,12cdc695-c2a1-11ea-af23-0242ac110002,std_1594380765463_18,class_20200710-165305_18,3wv7-QFn4,50e6aeed-6cd4-4f81-a697-43f7e33e2c62,a7ded0bd-f27d-4804-b823-e32b5f9dd4a3,f11bbe28-1cff-4e8d-8a41-b8ca220e73f5,6d39dfc2-ddec-4037-97b5-1cea2e1052ce,b2276a51-2617-43e6-ae5e-63fadfca85bb,
tch_20200710-165305_27,1194d117-c2a1-11ea-96b3-0242ac110002,std_1594380763416_27,class_20200710-165305_27,7LZ8-3mop,ea8af3fd-daed-447b-81e3-0e767a5d72ac,4bf0c141-84c1-4f36-95af-f51313746246,c30cf5c3-90b1-4652-a72e-43985eb794e1,c6b433b3-e424-4e87-a181-8244144e40ba,32a9c5f0-c570-48ab-ae3e-4c5994194e28,
tch_20200710-165305_11,123556fe-c2a1-11ea-89f8-0242ac110002,std_1594380764448_11,class_20200710-165305_11,aXgh-Y6dh,e68c1c36-bdaa-4c7a-b20a-25e413e12293,c42e96a6-aa93-44e0-b174-5be5893abaed,e650c068-2ce8-4328-a868-83199be9903a,4c48be5e-68b3-4f55-841b-b400fc0e5b27,d59000c1-b91a-402a-af88-446916f712a5,
tch_20200710-165305_13,10881c54-c2a1-11ea-96b3-0242ac110002,std_1594380761665_13,class_20200710-165305_13,8LoN-9TdN,abd4ba41-c096-41ad-9632-a4f962302f29,c17fe34b-4502-43bd-9659-7f96d1cbc31b,9feaa5d4-b04e-492a-a96d-7df32499aef6,fbfa2fd6-170a-4337-8bda-6b4e364a9415,8add927c-5e51-4d85-8f18-401eaaba8efe,
tch_20200710-165305_26,12cf9a68-c2a1-11ea-af23-0242ac110002,std_1594380765476_26,class_20200710-165305_26,PmjU-qzp9,c218b767-2aca-4670-beca-ff3ea98e597a,46f243ab-3899-42d7-b4ea-831e9db4d86b,a1cf7ccc-0f93-4f5a-ac98-84f66f284b12,514daeb2-16ee-4688-9aba-03ae4be9d563,f52a725c-3802-4924-b963-8e9b040e77ae,
tch_20200710-165305_16,1328b78a-c2a1-11ea-af23-0242ac110002,std_1594380766061_16,class_20200710-165305_16,wCG9-J782,81525557-35d4-4052-b59c-dd7c4b8236bd,e4304c1c-3af3-4a93-9ed2-793abc90c1bf,685cadf8-cd4d-46eb-b7f3-af0823c15ba5,0eedb59d-9fe5-4c15-b09d-5815b7f1fd73,fd4674e8-2f19-48a6-92c6-30353c92a615,
tch_20200710-165305_21,158c497d-c2a1-11ea-acee-0242ac110002,std_1594380770060_21,class_20200710-165305_21,TAtJ-3rk8,3efd06d2-6c80-4788-b3b1-55bbf9fb0678,72836052-9627-430e-b897-2a131b2492d0,58b1ea0c-d37f-435b-80c4-e02eb27c56fa,5a2e15d9-68ab-4255-91f2-34c608b4ecb7,c0b32516-ffda-4ccf-88bb-d96d2dd5d73b,
tch_20200710-165305_29,14f86e88-c2a1-11ea-89f8-0242ac110002,std_1594380768779_29,class_20200710-165305_29,92ZC-4nDH,b1478fc2-67f7-4b66-94c0-e04ac43c763a,a90bc227-67f5-4f0f-92c6-c60972dac840,a5e1be97-1f2d-476c-8200-a36c6c986d29,33c74318-af17-4e1d-9407-edb09409a03d,020abfe9-0bbf-4e4e-8845-43fd8234a495,
tch_20200710-165305_24,1562a163-c2a1-11ea-96b3-0242ac110002,std_1594380769796_24,class_20200710-165305_24,3HVd-6XwL,b98f9936-ab27-42c3-bb8b-f401547f9bdc,7ff08143-a3f6-4d05-9308-4c31c0142e32,5b4cd1d8-df7a-4677-876d-6fb75b71880b,e22476e1-795a-4f39-8493-7cbdfc855e0d,63823786-79f3-4f98-a3df-216f544fc3ad,
tch_20200710-165305_5,155f1fda-c2a1-11ea-96b3-0242ac110002,std_1594380769738_5,class_20200710-165305_5,Pu7Z-2fpQ,c3a6d24f-91b4-46d1-a0ee-27c8ae2faefa,1eb3f088-5a0c-40f8-9eca-115f92dd4843,0d105298-18c3-4627-bcd7-73d25cebde2d,64b399fc-e82f-460c-baba-0867f20afd3d,3a82c8e6-f532-400a-ae20-0a2e63af24c7,
tch_20200710-165305_8,175411d7-c2a1-11ea-acee-0242ac110002,std_1594380773051_8,class_20200710-165305_8,iUw4-zedA,11c4699b-674c-4f79-be10-03953d4de233,1ddee474-6e48-4d1a-a680-7272cad3ed9b,2f2e582e-0a46-40d4-b1a9-ecd79dca7efe,1fc69945-d294-4533-a42d-c4029f109ce9,b45b3f6e-7774-4f4a-9696-f21ef284f824,
tch_20200710-165305_28,177d92e3-c2a1-11ea-89f8-0242ac110002,std_1594380773312_28,class_20200710-165305_28,u6zE-9H6e,c6703ab8-96a1-4bcd-8d95-022bdeda8e59,ce1698ec-724d-4206-aa68-e1dec146ce66,6b5f998b-8e9b-4f51-9287-c28cba3238c1,64cbc042-708e-4fd1-a424-a5e8a9afa04a,a77ffa29-ee99-44bb-a044-daa861e92f55,
tch_20200710-165305_10,175dfc62-c2a1-11ea-96b3-0242ac110002,std_1594380773092_10,class_20200710-165305_10,Tr2m-EnYz,20355a9e-00d8-4f99-a279-7b6b07d3f646,b3d410c1-2dc0-4e01-9da5-4e32aeb9d5ac,461e3e19-48e4-472b-8ea3-8f03c907af14,922ef430-5436-4659-94ea-1f2a9cb41d8d,077fd08c-e7eb-409c-855b-09e998d3f885,
tch_20200710-165305_22,15dc173f-c2a1-11ea-89f8-0242ac110002,std_1594380770591_22,class_20200710-165305_22,qaxr-xm6D,dcce6194-24d8-43cb-acc8-341e792fa9b0,04eadddb-b806-470f-a55e-dfa5f66e9ba2,b1e5d5d1-816f-4801-be82-83cd7f4b9938,2cd92b5a-0221-4ee6-ac03-188d50150580,cba75035-605f-4383-a5ab-7c1eba683150,
tch_20200710-165305_14,16debaa7-c2a1-11ea-af23-0242ac110002,std_1594380772270_14,class_20200710-165305_14,fg6q-W3pQ,401aeb5f-4400-44a7-89ab-e6e28db0616a,12eb40fd-4642-43bf-9e6c-68fedddf0ce2,b427da57-4aed-443c-9bd5-49884737bb58,45a1d945-12fb-4b4f-b179-383b7bf66e7e,e988f99f-046a-4184-8454-c32878c40104,
tch_20200710-165305_23,18c99a66-c2a1-11ea-96b3-0242ac110002,std_1594380775439_23,class_20200710-165305_23,widj-kAPy,4937406f-6a26-418c-9fbe-e06d8be0fb39,d0221a43-ff37-4b86-95f4-19e81eb18f65,b0f99f2e-9224-4956-bab0-3a2ab49ddf56,7dc76efd-8847-437d-bc17-ed5fb5462472,2268b16e-9bd6-47cd-9592-be17182cd16e,
tch_20200710-165305_20,1763059a-c2a1-11ea-96b3-0242ac110002,std_1594380773092_20,class_20200710-165305_20,NZbc-AXiY,ac363fd0-742c-4997-a0ee-cc578c061296,78d3f068-01f7-4b30-adfc-030b6a3c3d7d,5f5077f9-974a-42f7-a0ec-212c07811456,c0fba2f6-00b9-4850-be2f-cc987ced5c56,bd2c3d98-edfc-440d-801f-a7dc1e06cd0a,
tch_20200710-165305_17,1a9ecf85-c2a1-11ea-89f8-0242ac110002,std_1594380778484_17,class_20200710-165305_17,j8Qv-8qd6,324f3748-6dd9-4f8b-9145-50521b62af36,0ff60808-1e2f-4cb6-816d-2970c6ff151a,84dcac30-a7b5-4905-9a0d-8938da7a7e30,23308204-2c7c-4e58-a173-879b9eeaeef0,155e84e6-5073-4a43-9cba-506a99343019,
tch_20200710-165305_15,19d0f88e-c2a1-11ea-89f8-0242ac110002,std_1594380777223_15,class_20200710-165305_15,nGDW-mRxw,ee3c3c1a-6a2e-4916-97b3-74e0f9439923,f419d6ca-c1d8-4e49-bc17-3dfda04c5068,53e6538c-ac57-4e74-bd7f-2b5b089d22af,1d91dfff-b2fb-46e8-8fbc-b7a767eb53f2,3290258c-fed3-43ab-91b6-e6129b5c5c3f,
tch_20200710-165305_6,1868b627-c2a1-11ea-96b3-0242ac110002,std_1594380774847_6,class_20200710-165305_6,Ynxd-Y42X,82afc924-6de4-4ce5-9a66-8cad41670fdf,7a9b8acd-167e-4deb-936e-70c336e26190,fe473601-68c2-4612-acaa-41dd72a96f75,d5083c3b-27f8-4aca-89b3-157f1c08f310,1e9552a0-f5fc-407e-88cd-80a200b4cc8f,
tch_20200710-165305_9,1af183bd-c2a1-11ea-89f8-0242ac110002,std_1594380779113_9,class_20200710-165305_9,w68f-bxve,e61b4002-f3f5-4286-a90e-9edf0a1532c0,db0b562e-6361-420c-a0bc-8398c8345fb8,9569c2ab-1d49-4c48-80ca-4a4da7ec8f35,1ae65a31-180c-47c4-a094-4acd48ba8b6b,6d7cfe72-905e-4779-ba02-bcce95b7426d,
tch_20200710-165305_12,1be66af3-c2a1-11ea-af23-0242ac110002,std_1594380780729_12,class_20200710-165305_12,F4a2-jXg2,b71c059c-15df-4a70-a6a7-f96c0a86e528,ebe60190-4a43-488f-bc62-c76da4b10bba,3eecc861-3f94-4e62-b643-8100b6d0e07d,cb40a3c5-7eb9-4fca-8f49-5387d52468e1,2a87cdfe-12aa-4530-9db5-4b9ad06acdf4,
tch_20200710-165305_7,1b090378-c2a1-11ea-af23-0242ac110002,std_1594380779256_7,class_20200710-165305_7,6Zyc-BH4Q,5ee53550-3432-477b-aa68-c374507f55d6,7a8888e7-370f-443b-ae0d-b2efaf0593df,3a06a39b-5130-44ce-907c-7d3ef71e7bc4,767e9d0b-267b-432e-8e44-eacf0fd5fc44,4fcf6804-d430-4006-a4e6-300161a0219a,
tch_20200710-165305_25,1c43f4a8-c2a1-11ea-af23-0242ac110002,std_1594380781356_25,class_20200710-165305_25,g94A-sHQy,643c2825-dfef-4756-b25c-9d074ea5b448,55cab46a-b0f6-40b6-973d-34f123f9adc6,8b4cd505-161f-4ee6-b2c6-42cc3efe0867,bfe23cdb-6637-4715-a60e-8e636b61efdc,1ce2bb73-490a-4978-a340-e8f9a9291196,
tch_20200710-165305_19,1d1b4199-c2a1-11ea-96b3-0242ac110002,std_1594380782730_19,class_20200710-165305_19,6jD8-Q4g2,6daee11f-d008-4e73-8621-0731469e42d8,4326209e-af32-4bdf-a322-ef1a89cb4df3,e30a1225-7033-4a27-a198-7a8dcaa0db50,01f53de1-12a1-490b-96ff-ce218e4ec4d0,31fae2d7-9fec-4ae9-8edb-7bd8a38e168c,
tch_20200710-165305_18,1ed107e4-c2a1-11ea-96b3-0242ac110002,std_1594380785579_18,class_20200710-165305_18,3wv7-QFn4,50e6aeed-6cd4-4f81-a697-43f7e33e2c62,a7ded0bd-f27d-4804-b823-e32b5f9dd4a3,f11bbe28-1cff-4e8d-8a41-b8ca220e73f5,6d39dfc2-ddec-4037-97b5-1cea2e1052ce,b2276a51-2617-43e6-ae5e-63fadfca85bb,
tch_20200710-165305_11,1ffd52aa-c2a1-11ea-af23-0242ac110002,std_1594380787587_11,class_20200710-165305_11,aXgh-Y6dh,e68c1c36-bdaa-4c7a-b20a-25e413e12293,c42e96a6-aa93-44e0-b174-5be5893abaed,e650c068-2ce8-4328-a868-83199be9903a,4c48be5e-68b3-4f55-841b-b400fc0e5b27,d59000c1-b91a-402a-af88-446916f712a5,
tch_20200710-165305_27,1eea3575-c2a1-11ea-96b3-0242ac110002,std_1594380785753_27,class_20200710-165305_27,7LZ8-3mop,ea8af3fd-daed-447b-81e3-0e767a5d72ac,4bf0c141-84c1-4f36-95af-f51313746246,c30cf5c3-90b1-4652-a72e-43985eb794e1,c6b433b3-e424-4e87-a181-8244144e40ba,32a9c5f0-c570-48ab-ae3e-4c5994194e28,
tch_20200710-165305_13,204f6abb-c2a1-11ea-af23-0242ac110002,std_1594380788111_13,class_20200710-165305_13,8LoN-9TdN,abd4ba41-c096-41ad-9632-a4f962302f29,c17fe34b-4502-43bd-9659-7f96d1cbc31b,9feaa5d4-b04e-492a-a96d-7df32499aef6,fbfa2fd6-170a-4337-8bda-6b4e364a9415,8add927c-5e51-4d85-8f18-401eaaba8efe,
tch_20200710-165305_29,220298fa-c2a1-11ea-acee-0242ac110002,std_1594380790967_29,class_20200710-165305_29,92ZC-4nDH,b1478fc2-67f7-4b66-94c0-e04ac43c763a,a90bc227-67f5-4f0f-92c6-c60972dac840,a5e1be97-1f2d-476c-8200-a36c6c986d29,33c74318-af17-4e1d-9407-edb09409a03d,020abfe9-0bbf-4e4e-8845-43fd8234a495,
tch_20200710-165305_16,217c7857-c2a1-11ea-96b3-0242ac110002,std_1594380790094_16,class_20200710-165305_16,wCG9-J782,81525557-35d4-4052-b59c-dd7c4b8236bd,e4304c1c-3af3-4a93-9ed2-793abc90c1bf,685cadf8-cd4d-46eb-b7f3-af0823c15ba5,0eedb59d-9fe5-4c15-b09d-5815b7f1fd73,fd4674e8-2f19-48a6-92c6-30353c92a615,
tch_20200710-165305_21,21e8f642-c2a1-11ea-89f8-0242ac110002,std_1594380790803_21,class_20200710-165305_21,TAtJ-3rk8,3efd06d2-6c80-4788-b3b1-55bbf9fb0678,72836052-9627-430e-b897-2a131b2492d0,58b1ea0c-d37f-435b-80c4-e02eb27c56fa,5a2e15d9-68ab-4255-91f2-34c608b4ecb7,c0b32516-ffda-4ccf-88bb-d96d2dd5d73b,
tch_20200710-165305_26,21358518-c2a1-11ea-89f8-0242ac110002,std_1594380789621_26,class_20200710-165305_26,PmjU-qzp9,c218b767-2aca-4670-beca-ff3ea98e597a,46f243ab-3899-42d7-b4ea-831e9db4d86b,a1cf7ccc-0f93-4f5a-ac98-84f66f284b12,514daeb2-16ee-4688-9aba-03ae4be9d563,f52a725c-3802-4924-b963-8e9b040e77ae,
tch_20200710-165305_24,23588c14-c2a1-11ea-acee-0242ac110002,std_1594380793182_24,class_20200710-165305_24,3HVd-6XwL,b98f9936-ab27-42c3-bb8b-f401547f9bdc,7ff08143-a3f6-4d05-9308-4c31c0142e32,5b4cd1d8-df7a-4677-876d-6fb75b71880b,e22476e1-795a-4f39-8493-7cbdfc855e0d,63823786-79f3-4f98-a3df-216f544fc3ad,
tch_20200710-165305_30,25a7d325-c2a1-11ea-af23-0242ac110002,std_1594380796790_30,class_20200710-165305_30,6Wh6-s74C,826a4d01-9a60-490a-9b2d-2fa5e68ebef6,e1b2277f-8a96-4c25-9cd6-f799c0a951f6,f04dafde-0481-4745-891e-4f453b57239f,f498bb05-723e-4154-8a3a-dfe195f970af,d62153a1-9c1d-450c-95e9-30066bbbae5c,
tch_20200710-165305_8,24019d19-c2a1-11ea-af23-0242ac110002,std_1594380794329_8,class_20200710-165305_8,iUw4-zedA,11c4699b-674c-4f79-be10-03953d4de233,1ddee474-6e48-4d1a-a680-7272cad3ed9b,2f2e582e-0a46-40d4-b1a9-ecd79dca7efe,1fc69945-d294-4533-a42d-c4029f109ce9,b45b3f6e-7774-4f4a-9696-f21ef284f824,
tch_20200710-165305_14,25641343-c2a1-11ea-acee-0242ac110002,std_1594380796627_14,class_20200710-165305_14,fg6q-W3pQ,401aeb5f-4400-44a7-89ab-e6e28db0616a,12eb40fd-4642-43bf-9e6c-68fedddf0ce2,b427da57-4aed-443c-9bd5-49884737bb58,45a1d945-12fb-4b4f-b179-383b7bf66e7e,e988f99f-046a-4184-8454-c32878c40104,
tch_20200710-165305_15,263ebb3b-c2a1-11ea-af23-0242ac110002,std_1594380798087_15,class_20200710-165305_15,nGDW-mRxw,ee3c3c1a-6a2e-4916-97b3-74e0f9439923,f419d6ca-c1d8-4e49-bc17-3dfda04c5068,53e6538c-ac57-4e74-bd7f-2b5b089d22af,1d91dfff-b2fb-46e8-8fbc-b7a767eb53f2,3290258c-fed3-43ab-91b6-e6129b5c5c3f,
tch_20200710-165305_22,255ee308-c2a1-11ea-acee-0242ac110002,std_1594380796586_22,class_20200710-165305_22,qaxr-xm6D,dcce6194-24d8-43cb-acc8-341e792fa9b0,04eadddb-b806-470f-a55e-dfa5f66e9ba2,b1e5d5d1-816f-4801-be82-83cd7f4b9938,2cd92b5a-0221-4ee6-ac03-188d50150580,cba75035-605f-4383-a5ab-7c1eba683150,
tch_20200710-165305_23,2593d599-c2a1-11ea-af23-0242ac110002,std_1594380796952_23,class_20200710-165305_23,widj-kAPy,4937406f-6a26-418c-9fbe-e06d8be0fb39,d0221a43-ff37-4b86-95f4-19e81eb18f65,b0f99f2e-9224-4956-bab0-3a2ab49ddf56,7dc76efd-8847-437d-bc17-ed5fb5462472,2268b16e-9bd6-47cd-9592-be17182cd16e,
tch_20200710-165305_6,264a2d6b-c2a1-11ea-acee-0242ac110002,std_1594380798139_6,class_20200710-165305_6,Ynxd-Y42X,82afc924-6de4-4ce5-9a66-8cad41670fdf,7a9b8acd-167e-4deb-936e-70c336e26190,fe473601-68c2-4612-acaa-41dd72a96f75,d5083c3b-27f8-4aca-89b3-157f1c08f310,1e9552a0-f5fc-407e-88cd-80a200b4cc8f,
tch_20200710-165305_10,254b5a82-c2a1-11ea-96b3-0242ac110002,std_1594380796462_10,class_20200710-165305_10,Tr2m-EnYz,20355a9e-00d8-4f99-a279-7b6b07d3f646,b3d410c1-2dc0-4e01-9da5-4e32aeb9d5ac,461e3e19-48e4-472b-8ea3-8f03c907af14,922ef430-5436-4659-94ea-1f2a9cb41d8d,077fd08c-e7eb-409c-855b-09e998d3f885,
tch_20200710-165305_28,252caf6c-c2a1-11ea-af23-0242ac110002,std_1594380796293_28,class_20200710-165305_28,u6zE-9H6e,c6703ab8-96a1-4bcd-8d95-022bdeda8e59,ce1698ec-724d-4206-aa68-e1dec146ce66,6b5f998b-8e9b-4f51-9287-c28cba3238c1,64cbc042-708e-4fd1-a424-a5e8a9afa04a,a77ffa29-ee99-44bb-a044-daa861e92f55,
tch_20200710-165305_20,25d28c79-c2a1-11ea-acee-0242ac110002,std_1594380797373_20,class_20200710-165305_20,NZbc-AXiY,ac363fd0-742c-4997-a0ee-cc578c061296,78d3f068-01f7-4b30-adfc-030b6a3c3d7d,5f5077f9-974a-42f7-a0ec-212c07811456,c0fba2f6-00b9-4850-be2f-cc987ced5c56,bd2c3d98-edfc-440d-801f-a7dc1e06cd0a,
tch_20200710-165305_17,262259f9-c2a1-11ea-89f8-0242ac110002,std_1594380797870_17,class_20200710-165305_17,j8Qv-8qd6,324f3748-6dd9-4f8b-9145-50521b62af36,0ff60808-1e2f-4cb6-816d-2970c6ff151a,84dcac30-a7b5-4905-9a0d-8938da7a7e30,23308204-2c7c-4e58-a173-879b9eeaeef0,155e84e6-5073-4a43-9cba-506a99343019,
tch_20200710-165305_12,27e93754-c2a1-11ea-96b3-0242ac110002,std_1594380800871_12,class_20200710-165305_12,F4a2-jXg2,b71c059c-15df-4a70-a6a7-f96c0a86e528,ebe60190-4a43-488f-bc62-c76da4b10bba,3eecc861-3f94-4e62-b643-8100b6d0e07d,cb40a3c5-7eb9-4fca-8f49-5387d52468e1,2a87cdfe-12aa-4530-9db5-4b9ad06acdf4,
tch_20200710-165305_9,27bd45ce-c2a1-11ea-89f8-0242ac110002,std_1594380800553_9,class_20200710-165305_9,w68f-bxve,e61b4002-f3f5-4286-a90e-9edf0a1532c0,db0b562e-6361-420c-a0bc-8398c8345fb8,9569c2ab-1d49-4c48-80ca-4a4da7ec8f35,1ae65a31-180c-47c4-a094-4acd48ba8b6b,6d7cfe72-905e-4779-ba02-bcce95b7426d,
tch_20200710-165305_31,29a7d759-c2a1-11ea-89f8-0242ac110002,std_1594380803511_31,class_20200710-165305_31,zkMd-3zhp,9ecb0bb9-67a9-45da-bc78-ada1f8cc3e6e,f681b8cd-5a51-4c7f-a3d6-ab96021642d0,54124ac9-f9cc-4019-8f7a-4b79ec77bcca,b267efa5-6189-4793-86bc-0f550612469e,082f748e-8c5c-4239-82ac-f3edd077bc65,
tch_20200710-165305_7,2888fa4e-c2a1-11ea-96b3-0242ac110002,std_1594380801923_7,class_20200710-165305_7,6Zyc-BH4Q,5ee53550-3432-477b-aa68-c374507f55d6,7a8888e7-370f-443b-ae0d-b2efaf0593df,3a06a39b-5130-44ce-907c-7d3ef71e7bc4,767e9d0b-267b-432e-8e44-eacf0fd5fc44,4fcf6804-d430-4006-a4e6-300161a0219a,
tch_20200710-165305_25,29872f86-c2a1-11ea-acee-0242ac110002,std_1594380803570_25,class_20200710-165305_25,g94A-sHQy,643c2825-dfef-4756-b25c-9d074ea5b448,55cab46a-b0f6-40b6-973d-34f123f9adc6,8b4cd505-161f-4ee6-b2c6-42cc3efe0867,bfe23cdb-6637-4715-a60e-8e636b61efdc,1ce2bb73-490a-4978-a340-e8f9a9291196,
tch_20200710-165305_19,2a4bdfe0-c2a1-11ea-acee-0242ac110002,std_1594380804812_19,class_20200710-165305_19,6jD8-Q4g2,6daee11f-d008-4e73-8621-0731469e42d8,4326209e-af32-4bdf-a322-ef1a89cb4df3,e30a1225-7033-4a27-a198-7a8dcaa0db50,01f53de1-12a1-490b-96ff-ce218e4ec4d0,31fae2d7-9fec-4ae9-8edb-7bd8a38e168c,
tch_20200710-165305_27,2dc91fb2-c2a1-11ea-96b3-0242ac110002,std_1594380810712_27,class_20200710-165305_27,7LZ8-3mop,ea8af3fd-daed-447b-81e3-0e767a5d72ac,4bf0c141-84c1-4f36-95af-f51313746246,c30cf5c3-90b1-4652-a72e-43985eb794e1,c6b433b3-e424-4e87-a181-8244144e40ba,32a9c5f0-c570-48ab-ae3e-4c5994194e28,
tch_20200710-165305_11,2d69c1bd-c2a1-11ea-acee-0242ac110002,std_1594380810103_11,class_20200710-165305_11,aXgh-Y6dh,e68c1c36-bdaa-4c7a-b20a-25e413e12293,c42e96a6-aa93-44e0-b174-5be5893abaed,e650c068-2ce8-4328-a868-83199be9903a,4c48be5e-68b3-4f55-841b-b400fc0e5b27,d59000c1-b91a-402a-af88-446916f712a5,
tch_20200710-165305_13,2e86066e-c2a1-11ea-89f8-0242ac110002,std_1594380811926_13,class_20200710-165305_13,8LoN-9TdN,abd4ba41-c096-41ad-9632-a4f962302f29,c17fe34b-4502-43bd-9659-7f96d1cbc31b,9feaa5d4-b04e-492a-a96d-7df32499aef6,fbfa2fd6-170a-4337-8bda-6b4e364a9415,8add927c-5e51-4d85-8f18-401eaaba8efe,
tch_20200710-165305_21,2f237f2c-c2a1-11ea-96b3-0242ac110002,std_1594380813000_21,class_20200710-165305_21,TAtJ-3rk8,3efd06d2-6c80-4788-b3b1-55bbf9fb0678,72836052-9627-430e-b897-2a131b2492d0,58b1ea0c-d37f-435b-80c4-e02eb27c56fa,5a2e15d9-68ab-4255-91f2-34c608b4ecb7,c0b32516-ffda-4ccf-88bb-d96d2dd5d73b,
tch_20200710-165305_18,2c5a25e3-c2a1-11ea-af23-0242ac110002,std_1594380808318_18,class_20200710-165305_18,3wv7-QFn4,50e6aeed-6cd4-4f81-a697-43f7e33e2c62,a7ded0bd-f27d-4804-b823-e32b5f9dd4a3,f11bbe28-1cff-4e8d-8a41-b8ca220e73f5,6d39dfc2-ddec-4037-97b5-1cea2e1052ce,b2276a51-2617-43e6-ae5e-63fadfca85bb,
tch_20200710-165305_29,2e96cfc1-c2a1-11ea-96b3-0242ac110002,std_1594380812078_29,class_20200710-165305_29,92ZC-4nDH,b1478fc2-67f7-4b66-94c0-e04ac43c763a,a90bc227-67f5-4f0f-92c6-c60972dac840,a5e1be97-1f2d-476c-8200-a36c6c986d29,33c74318-af17-4e1d-9407-edb09409a03d,020abfe9-0bbf-4e4e-8845-43fd8234a495,
tch_20200710-165305_10,32e2aa19-c2a1-11ea-af23-0242ac110002,std_1594380819289_10,class_20200710-165305_10,Tr2m-EnYz,20355a9e-00d8-4f99-a279-7b6b07d3f646,b3d410c1-2dc0-4e01-9da5-4e32aeb9d5ac,461e3e19-48e4-472b-8ea3-8f03c907af14,922ef430-5436-4659-94ea-1f2a9cb41d8d,077fd08c-e7eb-409c-855b-09e998d3f885,
tch_20200710-165305_26,2ff9bb62-c2a1-11ea-89f8-0242ac110002,std_1594380814409_26,class_20200710-165305_26,PmjU-qzp9,c218b767-2aca-4670-beca-ff3ea98e597a,46f243ab-3899-42d7-b4ea-831e9db4d86b,a1cf7ccc-0f93-4f5a-ac98-84f66f284b12,514daeb2-16ee-4688-9aba-03ae4be9d563,f52a725c-3802-4924-b963-8e9b040e77ae,
tch_20200710-165305_16,2ef283b9-c2a1-11ea-96b3-0242ac110002,std_1594380812671_16,class_20200710-165305_16,wCG9-J782,81525557-35d4-4052-b59c-dd7c4b8236bd,e4304c1c-3af3-4a93-9ed2-793abc90c1bf,685cadf8-cd4d-46eb-b7f3-af0823c15ba5,0eedb59d-9fe5-4c15-b09d-5815b7f1fd73,fd4674e8-2f19-48a6-92c6-30353c92a615,
tch_20200710-165305_8,31ff27bc-c2a1-11ea-96b3-0242ac110002,std_1594380817742_8,class_20200710-165305_8,iUw4-zedA,11c4699b-674c-4f79-be10-03953d4de233,1ddee474-6e48-4d1a-a680-7272cad3ed9b,2f2e582e-0a46-40d4-b1a9-ecd79dca7efe,1fc69945-d294-4533-a42d-c4029f109ce9,b45b3f6e-7774-4f4a-9696-f21ef284f824,
tch_20200710-165305_24,3091b4c6-c2a1-11ea-acee-0242ac110002,std_1594380815371_24,class_20200710-165305_24,3HVd-6XwL,b98f9936-ab27-42c3-bb8b-f401547f9bdc,7ff08143-a3f6-4d05-9308-4c31c0142e32,5b4cd1d8-df7a-4677-876d-6fb75b71880b,e22476e1-795a-4f39-8493-7cbdfc855e0d,63823786-79f3-4f98-a3df-216f544fc3ad,
tch_20200710-165305_17,339c5ce2-c2a1-11ea-96b3-0242ac110002,std_1594380820498_17,class_20200710-165305_17,j8Qv-8qd6,324f3748-6dd9-4f8b-9145-50521b62af36,0ff60808-1e2f-4cb6-816d-2970c6ff151a,84dcac30-a7b5-4905-9a0d-8938da7a7e30,23308204-2c7c-4e58-a173-879b9eeaeef0,155e84e6-5073-4a43-9cba-506a99343019,
tch_20200710-165305_23,32c4e8b3-c2a1-11ea-af23-0242ac110002,std_1594380819085_23,class_20200710-165305_23,widj-kAPy,4937406f-6a26-418c-9fbe-e06d8be0fb39,d0221a43-ff37-4b86-95f4-19e81eb18f65,b0f99f2e-9224-4956-bab0-3a2ab49ddf56,7dc76efd-8847-437d-bc17-ed5fb5462472,2268b16e-9bd6-47cd-9592-be17182cd16e,
tch_20200710-165305_30,31d72dc8-c2a1-11ea-acee-0242ac110002,std_1594380817515_30,class_20200710-165305_30,6Wh6-s74C,826a4d01-9a60-490a-9b2d-2fa5e68ebef6,e1b2277f-8a96-4c25-9cd6-f799c0a951f6,f04dafde-0481-4745-891e-4f453b57239f,f498bb05-723e-4154-8a3a-dfe195f970af,d62153a1-9c1d-450c-95e9-30066bbbae5c,
tch_20200710-165305_28,32fa0271-c2a1-11ea-89f8-0242ac110002,std_1594380819381_28,class_20200710-165305_28,u6zE-9H6e,c6703ab8-96a1-4bcd-8d95-022bdeda8e59,ce1698ec-724d-4206-aa68-e1dec146ce66,6b5f998b-8e9b-4f51-9287-c28cba3238c1,64cbc042-708e-4fd1-a424-a5e8a9afa04a,a77ffa29-ee99-44bb-a044-daa861e92f55,
tch_20200710-165305_14,326f27b8-c2a1-11ea-acee-0242ac110002,std_1594380818489_14,class_20200710-165305_14,fg6q-W3pQ,401aeb5f-4400-44a7-89ab-e6e28db0616a,12eb40fd-4642-43bf-9e6c-68fedddf0ce2,b427da57-4aed-443c-9bd5-49884737bb58,45a1d945-12fb-4b4f-b179-383b7bf66e7e,e988f99f-046a-4184-8454-c32878c40104,
tch_20200710-165305_22,32b83e82-c2a1-11ea-96b3-0242ac110002,std_1594380818989_22,class_20200710-165305_22,qaxr-xm6D,dcce6194-24d8-43cb-acc8-341e792fa9b0,04eadddb-b806-470f-a55e-dfa5f66e9ba2,b1e5d5d1-816f-4801-be82-83cd7f4b9938,2cd92b5a-0221-4ee6-ac03-188d50150580,cba75035-605f-4383-a5ab-7c1eba683150,
tch_20200710-165305_15,32afb2d1-c2a1-11ea-96b3-0242ac110002,std_1594380818923_15,class_20200710-165305_15,nGDW-mRxw,ee3c3c1a-6a2e-4916-97b3-74e0f9439923,f419d6ca-c1d8-4e49-bc17-3dfda04c5068,53e6538c-ac57-4e74-bd7f-2b5b089d22af,1d91dfff-b2fb-46e8-8fbc-b7a767eb53f2,3290258c-fed3-43ab-91b6-e6129b5c5c3f,
tch_20200710-165305_31,360435a1-c2a1-11ea-af23-0242ac110002,std_1594380824544_31,class_20200710-165305_31,zkMd-3zhp,9ecb0bb9-67a9-45da-bc78-ada1f8cc3e6e,f681b8cd-5a51-4c7f-a3d6-ab96021642d0,54124ac9-f9cc-4019-8f7a-4b79ec77bcca,b267efa5-6189-4793-86bc-0f550612469e,082f748e-8c5c-4239-82ac-f3edd077bc65,
tch_20200710-165305_20,3359fcd6-c2a1-11ea-acee-0242ac110002,std_1594380820074_20,class_20200710-165305_20,NZbc-AXiY,ac363fd0-742c-4997-a0ee-cc578c061296,78d3f068-01f7-4b30-adfc-030b6a3c3d7d,5f5077f9-974a-42f7-a0ec-212c07811456,c0fba2f6-00b9-4850-be2f-cc987ced5c56,bd2c3d98-edfc-440d-801f-a7dc1e06cd0a,
tch_20200710-165305_32,3641656a-c2a1-11ea-96b3-0242ac110002,std_1594380824593_32,class_20200710-165305_32,6CVC-DguK,d0b86226-12a7-4e61-b20e-5b60561d5af1,098dfca6-c11a-45eb-b732-a48145178f56,06ced54b-c68b-4c8e-9e3e-87055916f173,cb4265a1-2ea6-4e73-bb16-38dd76dc6627,2052ca7b-7c3a-4444-a2fe-a14eef6a86f3,
tch_20200710-165305_12,35509ccb-c2a1-11ea-96b3-0242ac110002,std_1594380823353_12,class_20200710-165305_12,F4a2-jXg2,b71c059c-15df-4a70-a6a7-f96c0a86e528,ebe60190-4a43-488f-bc62-c76da4b10bba,3eecc861-3f94-4e62-b643-8100b6d0e07d,cb40a3c5-7eb9-4fca-8f49-5387d52468e1,2a87cdfe-12aa-4530-9db5-4b9ad06acdf4,
tch_20200710-165305_25,36823ee5-c2a1-11ea-acee-0242ac110002,std_1594380825362_25,class_20200710-165305_25,g94A-sHQy,643c2825-dfef-4756-b25c-9d074ea5b448,55cab46a-b0f6-40b6-973d-34f123f9adc6,8b4cd505-161f-4ee6-b2c6-42cc3efe0867,bfe23cdb-6637-4715-a60e-8e636b61efdc,1ce2bb73-490a-4978-a340-e8f9a9291196,
tch_20200710-165305_9,356054c3-c2a1-11ea-af23-0242ac110002,std_1594380823458_9,class_20200710-165305_9,w68f-bxve,e61b4002-f3f5-4286-a90e-9edf0a1532c0,db0b562e-6361-420c-a0bc-8398c8345fb8,9569c2ab-1d49-4c48-80ca-4a4da7ec8f35,1ae65a31-180c-47c4-a094-4acd48ba8b6b,6d7cfe72-905e-4779-ba02-bcce95b7426d,
tch_20200710-165305_19,36ad46d2-c2a1-11ea-acee-0242ac110002,std_1594380825667_19,class_20200710-165305_19,6jD8-Q4g2,6daee11f-d008-4e73-8621-0731469e42d8,4326209e-af32-4bdf-a322-ef1a89cb4df3,e30a1225-7033-4a27-a198-7a8dcaa0db50,01f53de1-12a1-490b-96ff-ce218e4ec4d0,31fae2d7-9fec-4ae9-8edb-7bd8a38e168c,
tch_20200710-165305_27,399dfd8b-c2a1-11ea-acee-0242ac110002,std_1594380830568_27,class_20200710-165305_27,7LZ8-3mop,ea8af3fd-daed-447b-81e3-0e767a5d72ac,4bf0c141-84c1-4f36-95af-f51313746246,c30cf5c3-90b1-4652-a72e-43985eb794e1,c6b433b3-e424-4e87-a181-8244144e40ba,32a9c5f0-c570-48ab-ae3e-4c5994194e28,
tch_20200710-165305_13,3adfcd3a-c2a1-11ea-af23-0242ac110002,std_1594380832670_13,class_20200710-165305_13,8LoN-9TdN,abd4ba41-c096-41ad-9632-a4f962302f29,c17fe34b-4502-43bd-9659-7f96d1cbc31b,9feaa5d4-b04e-492a-a96d-7df32499aef6,fbfa2fd6-170a-4337-8bda-6b4e364a9415,8add927c-5e51-4d85-8f18-401eaaba8efe,
tch_20200710-165305_11,3abf73c6-c2a1-11ea-af23-0242ac110002,std_1594380832460_11,class_20200710-165305_11,aXgh-Y6dh,e68c1c36-bdaa-4c7a-b20a-25e413e12293,c42e96a6-aa93-44e0-b174-5be5893abaed,e650c068-2ce8-4328-a868-83199be9903a,4c48be5e-68b3-4f55-841b-b400fc0e5b27,d59000c1-b91a-402a-af88-446916f712a5,
tch_20200710-165305_18,3b3fee96-c2a1-11ea-89f8-0242ac110002,std_1594380833301_18,class_20200710-165305_18,3wv7-QFn4,50e6aeed-6cd4-4f81-a697-43f7e33e2c62,a7ded0bd-f27d-4804-b823-e32b5f9dd4a3,f11bbe28-1cff-4e8d-8a41-b8ca220e73f5,6d39dfc2-ddec-4037-97b5-1cea2e1052ce,b2276a51-2617-43e6-ae5e-63fadfca85bb,
tch_20200710-165305_21,3b055623-c2a1-11ea-89f8-0242ac110002,std_1594380832931_21,class_20200710-165305_21,TAtJ-3rk8,3efd06d2-6c80-4788-b3b1-55bbf9fb0678,72836052-9627-430e-b897-2a131b2492d0,58b1ea0c-d37f-435b-80c4-e02eb27c56fa,5a2e15d9-68ab-4255-91f2-34c608b4ecb7,c0b32516-ffda-4ccf-88bb-d96d2dd5d73b,
tch_20200710-165305_24,3eaba1a5-c2a1-11ea-96b3-0242ac110002,std_1594380839058_24,class_20200710-165305_24,3HVd-6XwL,b98f9936-ab27-42c3-bb8b-f401547f9bdc,7ff08143-a3f6-4d05-9308-4c31c0142e32,5b4cd1d8-df7a-4677-876d-6fb75b71880b,e22476e1-795a-4f39-8493-7cbdfc855e0d,63823786-79f3-4f98-a3df-216f544fc3ad,
tch_20200710-165305_16,3e188995-c2a1-11ea-96b3-0242ac110002,std_1594380838109_16,class_20200710-165305_16,wCG9-J782,81525557-35d4-4052-b59c-dd7c4b8236bd,e4304c1c-3af3-4a93-9ed2-793abc90c1bf,685cadf8-cd4d-46eb-b7f3-af0823c15ba5,0eedb59d-9fe5-4c15-b09d-5815b7f1fd73,fd4674e8-2f19-48a6-92c6-30353c92a615,
tch_20200710-165305_10,3de8ee9b-c2a1-11ea-96b3-0242ac110002,std_1594380837777_10,class_20200710-165305_10,Tr2m-EnYz,20355a9e-00d8-4f99-a279-7b6b07d3f646,b3d410c1-2dc0-4e01-9da5-4e32aeb9d5ac,461e3e19-48e4-472b-8ea3-8f03c907af14,922ef430-5436-4659-94ea-1f2a9cb41d8d,077fd08c-e7eb-409c-855b-09e998d3f885,
tch_20200710-165305_17,3f1eaf2d-c2a1-11ea-af23-0242ac110002,std_1594380839817_17,class_20200710-165305_17,j8Qv-8qd6,324f3748-6dd9-4f8b-9145-50521b62af36,0ff60808-1e2f-4cb6-816d-2970c6ff151a,84dcac30-a7b5-4905-9a0d-8938da7a7e30,23308204-2c7c-4e58-a173-879b9eeaeef0,155e84e6-5073-4a43-9cba-506a99343019,
tch_20200710-165305_8,3e548146-c2a1-11ea-acee-0242ac110002,std_1594380838485_8,class_20200710-165305_8,iUw4-zedA,11c4699b-674c-4f79-be10-03953d4de233,1ddee474-6e48-4d1a-a680-7272cad3ed9b,2f2e582e-0a46-40d4-b1a9-ecd79dca7efe,1fc69945-d294-4533-a42d-c4029f109ce9,b45b3f6e-7774-4f4a-9696-f21ef284f824,
tch_20200710-165305_29,3c33c48a-c2a1-11ea-96b3-0242ac110002,std_1594380834933_29,class_20200710-165305_29,92ZC-4nDH,b1478fc2-67f7-4b66-94c0-e04ac43c763a,a90bc227-67f5-4f0f-92c6-c60972dac840,a5e1be97-1f2d-476c-8200-a36c6c986d29,33c74318-af17-4e1d-9407-edb09409a03d,020abfe9-0bbf-4e4e-8845-43fd8234a495,
tch_20200710-165305_28,40326964-c2a1-11ea-af23-0242ac110002,std_1594380841584_28,class_20200710-165305_28,u6zE-9H6e,c6703ab8-96a1-4bcd-8d95-022bdeda8e59,ce1698ec-724d-4206-aa68-e1dec146ce66,6b5f998b-8e9b-4f51-9287-c28cba3238c1,64cbc042-708e-4fd1-a424-a5e8a9afa04a,a77ffa29-ee99-44bb-a044-daa861e92f55,
tch_20200710-165305_26,3e04b3e3-c2a1-11ea-acee-0242ac110002,std_1594380837946_26,class_20200710-165305_26,PmjU-qzp9,c218b767-2aca-4670-beca-ff3ea98e597a,46f243ab-3899-42d7-b4ea-831e9db4d86b,a1cf7ccc-0f93-4f5a-ac98-84f66f284b12,514daeb2-16ee-4688-9aba-03ae4be9d563,f52a725c-3802-4924-b963-8e9b040e77ae,
tch_20200710-165305_32,426f12f0-c2a1-11ea-89f8-0242ac110002,std_1594380845363_32,class_20200710-165305_32,6CVC-DguK,d0b86226-12a7-4e61-b20e-5b60561d5af1,098dfca6-c11a-45eb-b732-a48145178f56,06ced54b-c68b-4c8e-9e3e-87055916f173,cb4265a1-2ea6-4e73-bb16-38dd76dc6627,2052ca7b-7c3a-4444-a2fe-a14eef6a86f3,
tch_20200710-165305_22,41937f97-c2a1-11ea-af23-0242ac110002,std_1594380843904_22,class_20200710-165305_22,qaxr-xm6D,dcce6194-24d8-43cb-acc8-341e792fa9b0,04eadddb-b806-470f-a55e-dfa5f66e9ba2,b1e5d5d1-816f-4801-be82-83cd7f4b9938,2cd92b5a-0221-4ee6-ac03-188d50150580,cba75035-605f-4383-a5ab-7c1eba683150,
tch_20200710-165305_14,402f0dab-c2a1-11ea-acee-0242ac110002,std_1594380841584_14,class_20200710-165305_14,fg6q-W3pQ,401aeb5f-4400-44a7-89ab-e6e28db0616a,12eb40fd-4642-43bf-9e6c-68fedddf0ce2,b427da57-4aed-443c-9bd5-49884737bb58,45a1d945-12fb-4b4f-b179-383b7bf66e7e,e988f99f-046a-4184-8454-c32878c40104,
tch_20200710-165305_23,3f735e57-c2a1-11ea-af23-0242ac110002,std_1594380840388_23,class_20200710-165305_23,widj-kAPy,4937406f-6a26-418c-9fbe-e06d8be0fb39,d0221a43-ff37-4b86-95f4-19e81eb18f65,b0f99f2e-9224-4956-bab0-3a2ab49ddf56,7dc76efd-8847-437d-bc17-ed5fb5462472,2268b16e-9bd6-47cd-9592-be17182cd16e,
tch_20200710-165305_30,3f8b2cc9-c2a1-11ea-acee-0242ac110002,std_1594380840472_30,class_20200710-165305_30,6Wh6-s74C,826a4d01-9a60-490a-9b2d-2fa5e68ebef6,e1b2277f-8a96-4c25-9cd6-f799c0a951f6,f04dafde-0481-4745-891e-4f453b57239f,f498bb05-723e-4154-8a3a-dfe195f970af,d62153a1-9c1d-450c-95e9-30066bbbae5c,
tch_20200710-165305_33,4058dc77-c2a1-11ea-acee-0242ac110002,std_1594380841574_33,class_20200710-165305_33,n7Xr-v82b,fe423a1b-a07e-485e-8f76-5fcd5c07294d,7837089c-9dd8-40d7-bdfe-0606df4989f1,96238734-ca1b-4bca-ab7c-7d41e50d46c1,381b788e-79d0-4b4e-b94b-ebd7817a381c,9048d6e6-2c78-4fc8-bd56-5e93951e0073,
tch_20200710-165305_15,4200bff9-c2a1-11ea-89f8-0242ac110002,std_1594380844651_15,class_20200710-165305_15,nGDW-mRxw,ee3c3c1a-6a2e-4916-97b3-74e0f9439923,f419d6ca-c1d8-4e49-bc17-3dfda04c5068,53e6538c-ac57-4e74-bd7f-2b5b089d22af,1d91dfff-b2fb-46e8-8fbc-b7a767eb53f2,3290258c-fed3-43ab-91b6-e6129b5c5c3f,
tch_20200710-165305_31,420d6a1f-c2a1-11ea-af23-0242ac110002,std_1594380844709_31,class_20200710-165305_31,zkMd-3zhp,9ecb0bb9-67a9-45da-bc78-ada1f8cc3e6e,f681b8cd-5a51-4c7f-a3d6-ab96021642d0,54124ac9-f9cc-4019-8f7a-4b79ec77bcca,b267efa5-6189-4793-86bc-0f550612469e,082f748e-8c5c-4239-82ac-f3edd077bc65,
tch_20200710-165305_20,420cf596-c2a1-11ea-acee-0242ac110002,std_1594380844729_20,class_20200710-165305_20,NZbc-AXiY,ac363fd0-742c-4997-a0ee-cc578c061296,78d3f068-01f7-4b30-adfc-030b6a3c3d7d,5f5077f9-974a-42f7-a0ec-212c07811456,c0fba2f6-00b9-4850-be2f-cc987ced5c56,bd2c3d98-edfc-440d-801f-a7dc1e06cd0a,
tch_20200710-165305_12,43753796-c2a1-11ea-96b3-0242ac110002,std_1594380847095_12,class_20200710-165305_12,F4a2-jXg2,b71c059c-15df-4a70-a6a7-f96c0a86e528,ebe60190-4a43-488f-bc62-c76da4b10bba,3eecc861-3f94-4e62-b643-8100b6d0e07d,cb40a3c5-7eb9-4fca-8f49-5387d52468e1,2a87cdfe-12aa-4530-9db5-4b9ad06acdf4,
tch_20200710-165305_25,446f760b-c2a1-11ea-89f8-0242ac110002,std_1594380848718_25,class_20200710-165305_25,g94A-sHQy,643c2825-dfef-4756-b25c-9d074ea5b448,55cab46a-b0f6-40b6-973d-34f123f9adc6,8b4cd505-161f-4ee6-b2c6-42cc3efe0867,bfe23cdb-6637-4715-a60e-8e636b61efdc,1ce2bb73-490a-4978-a340-e8f9a9291196,
tch_20200710-165305_19,45774994-c2a1-11ea-acee-0242ac110002,std_1594380850403_19,class_20200710-165305_19,6jD8-Q4g2,6daee11f-d008-4e73-8621-0731469e42d8,4326209e-af32-4bdf-a322-ef1a89cb4df3,e30a1225-7033-4a27-a198-7a8dcaa0db50,01f53de1-12a1-490b-96ff-ce218e4ec4d0,31fae2d7-9fec-4ae9-8edb-7bd8a38e168c,
tch_20200710-165305_13,479f0afd-c2a1-11ea-acee-0242ac110002,std_1594380854077_13,class_20200710-165305_13,8LoN-9TdN,abd4ba41-c096-41ad-9632-a4f962302f29,c17fe34b-4502-43bd-9659-7f96d1cbc31b,9feaa5d4-b04e-492a-a96d-7df32499aef6,fbfa2fd6-170a-4337-8bda-6b4e364a9415,8add927c-5e51-4d85-8f18-401eaaba8efe,
tch_20200710-165305_9,451e7af7-c2a1-11ea-96b3-0242ac110002,std_1594380849887_9,class_20200710-165305_9,w68f-bxve,e61b4002-f3f5-4286-a90e-9edf0a1532c0,db0b562e-6361-420c-a0bc-8398c8345fb8,9569c2ab-1d49-4c48-80ca-4a4da7ec8f35,1ae65a31-180c-47c4-a094-4acd48ba8b6b,6d7cfe72-905e-4779-ba02-bcce95b7426d,
tch_20200710-165305_18,48afdec0-c2a1-11ea-acee-0242ac110002,std_1594380855845_18,class_20200710-165305_18,3wv7-QFn4,50e6aeed-6cd4-4f81-a697-43f7e33e2c62,a7ded0bd-f27d-4804-b823-e32b5f9dd4a3,f11bbe28-1cff-4e8d-8a41-b8ca220e73f5,6d39dfc2-ddec-4037-97b5-1cea2e1052ce,b2276a51-2617-43e6-ae5e-63fadfca85bb,
tch_20200710-165305_27,45743c96-c2a1-11ea-96b3-0242ac110002,std_1594380850426_27,class_20200710-165305_27,7LZ8-3mop,ea8af3fd-daed-447b-81e3-0e767a5d72ac,4bf0c141-84c1-4f36-95af-f51313746246,c30cf5c3-90b1-4652-a72e-43985eb794e1,c6b433b3-e424-4e87-a181-8244144e40ba,32a9c5f0-c570-48ab-ae3e-4c5994194e28,
tch_20200710-165305_11,47cd4772-c2a1-11ea-89f8-0242ac110002,std_1594380854358_11,class_20200710-165305_11,aXgh-Y6dh,e68c1c36-bdaa-4c7a-b20a-25e413e12293,c42e96a6-aa93-44e0-b174-5be5893abaed,e650c068-2ce8-4328-a868-83199be9903a,4c48be5e-68b3-4f55-841b-b400fc0e5b27,d59000c1-b91a-402a-af88-446916f712a5,
tch_20200710-165305_10,4ba4b4e2-c2a1-11ea-96b3-0242ac110002,std_1594380860822_10,class_20200710-165305_10,Tr2m-EnYz,20355a9e-00d8-4f99-a279-7b6b07d3f646,b3d410c1-2dc0-4e01-9da5-4e32aeb9d5ac,461e3e19-48e4-472b-8ea3-8f03c907af14,922ef430-5436-4659-94ea-1f2a9cb41d8d,077fd08c-e7eb-409c-855b-09e998d3f885,
tch_20200710-165305_21,492f96ab-c2a1-11ea-89f8-0242ac110002,std_1594380856676_21,class_20200710-165305_21,TAtJ-3rk8,3efd06d2-6c80-4788-b3b1-55bbf9fb0678,72836052-9627-430e-b897-2a131b2492d0,58b1ea0c-d37f-435b-80c4-e02eb27c56fa,5a2e15d9-68ab-4255-91f2-34c608b4ecb7,c0b32516-ffda-4ccf-88bb-d96d2dd5d73b,
tch_20200710-165305_16,4a4ee935-c2a1-11ea-89f8-0242ac110002,std_1594380858563_16,class_20200710-165305_16,wCG9-J782,81525557-35d4-4052-b59c-dd7c4b8236bd,e4304c1c-3af3-4a93-9ed2-793abc90c1bf,685cadf8-cd4d-46eb-b7f3-af0823c15ba5,0eedb59d-9fe5-4c15-b09d-5815b7f1fd73,fd4674e8-2f19-48a6-92c6-30353c92a615,
tch_20200710-165305_17,4be6c778-c2a1-11ea-af23-0242ac110002,std_1594380861259_17,class_20200710-165305_17,j8Qv-8qd6,324f3748-6dd9-4f8b-9145-50521b62af36,0ff60808-1e2f-4cb6-816d-2970c6ff151a,84dcac30-a7b5-4905-9a0d-8938da7a7e30,23308204-2c7c-4e58-a173-879b9eeaeef0,155e84e6-5073-4a43-9cba-506a99343019,
tch_20200710-165305_24,4a24cb78-c2a1-11ea-acee-0242ac110002,std_1594380858263_24,class_20200710-165305_24,3HVd-6XwL,b98f9936-ab27-42c3-bb8b-f401547f9bdc,7ff08143-a3f6-4d05-9308-4c31c0142e32,5b4cd1d8-df7a-4677-876d-6fb75b71880b,e22476e1-795a-4f39-8493-7cbdfc855e0d,63823786-79f3-4f98-a3df-216f544fc3ad,
tch_20200710-165305_28,4cbeff14-c2a1-11ea-89f8-0242ac110002,std_1594380862675_28,class_20200710-165305_28,u6zE-9H6e,c6703ab8-96a1-4bcd-8d95-022bdeda8e59,ce1698ec-724d-4206-aa68-e1dec146ce66,6b5f998b-8e9b-4f51-9287-c28cba3238c1,64cbc042-708e-4fd1-a424-a5e8a9afa04a,a77ffa29-ee99-44bb-a044-daa861e92f55,
tch_20200710-165305_32,4d606f04-c2a1-11ea-acee-0242ac110002,std_1594380863714_32,class_20200710-165305_32,6CVC-DguK,d0b86226-12a7-4e61-b20e-5b60561d5af1,098dfca6-c11a-45eb-b732-a48145178f56,06ced54b-c68b-4c8e-9e3e-87055916f173,cb4265a1-2ea6-4e73-bb16-38dd76dc6627,2052ca7b-7c3a-4444-a2fe-a14eef6a86f3,
tch_20200710-165305_26,4cf10b24-c2a1-11ea-96b3-0242ac110002,std_1594380862973_26,class_20200710-165305_26,PmjU-qzp9,c218b767-2aca-4670-beca-ff3ea98e597a,46f243ab-3899-42d7-b4ea-831e9db4d86b,a1cf7ccc-0f93-4f5a-ac98-84f66f284b12,514daeb2-16ee-4688-9aba-03ae4be9d563,f52a725c-3802-4924-b963-8e9b040e77ae,
tch_20200710-165305_29,4c2fb6df-c2a1-11ea-96b3-0242ac110002,std_1594380861722_29,class_20200710-165305_29,92ZC-4nDH,b1478fc2-67f7-4b66-94c0-e04ac43c763a,a90bc227-67f5-4f0f-92c6-c60972dac840,a5e1be97-1f2d-476c-8200-a36c6c986d29,33c74318-af17-4e1d-9407-edb09409a03d,020abfe9-0bbf-4e4e-8845-43fd8234a495,
tch_20200710-165305_15,4f1a7b71-c2a1-11ea-acee-0242ac110002,std_1594380866589_15,class_20200710-165305_15,nGDW-mRxw,ee3c3c1a-6a2e-4916-97b3-74e0f9439923,f419d6ca-c1d8-4e49-bc17-3dfda04c5068,53e6538c-ac57-4e74-bd7f-2b5b089d22af,1d91dfff-b2fb-46e8-8fbc-b7a767eb53f2,3290258c-fed3-43ab-91b6-e6129b5c5c3f,
tch_20200710-165305_23,4e0d77a8-c2a1-11ea-89f8-0242ac110002,std_1594380864833_23,class_20200710-165305_23,widj-kAPy,4937406f-6a26-418c-9fbe-e06d8be0fb39,d0221a43-ff37-4b86-95f4-19e81eb18f65,b0f99f2e-9224-4956-bab0-3a2ab49ddf56,7dc76efd-8847-437d-bc17-ed5fb5462472,2268b16e-9bd6-47cd-9592-be17182cd16e,
tch_20200710-165305_34,4eea91de-c2a1-11ea-96b3-0242ac110002,std_1594380865970_34,class_20200710-165305_34,V69H-nzTE,4e31a80d-8f34-4830-a1d0-6ed176d72c4c,3a030ed0-aae1-4308-886a-991a29551680,42606a56-2223-4b50-a774-d385385f25fd,299924b3-e030-4472-b44c-75d9585cee06,dbf365ae-8679-43a3-9108-898b2574f041,
tch_20200710-165305_20,4f9799d9-c2a1-11ea-96b3-0242ac110002,std_1594380867448_20,class_20200710-165305_20,NZbc-AXiY,ac363fd0-742c-4997-a0ee-cc578c061296,78d3f068-01f7-4b30-adfc-030b6a3c3d7d,5f5077f9-974a-42f7-a0ec-212c07811456,c0fba2f6-00b9-4850-be2f-cc987ced5c56,bd2c3d98-edfc-440d-801f-a7dc1e06cd0a,
tch_20200710-165305_30,4e11bdfd-c2a1-11ea-96b3-0242ac110002,std_1594380864905_30,class_20200710-165305_30,6Wh6-s74C,826a4d01-9a60-490a-9b2d-2fa5e68ebef6,e1b2277f-8a96-4c25-9cd6-f799c0a951f6,f04dafde-0481-4745-891e-4f453b57239f,f498bb05-723e-4154-8a3a-dfe195f970af,d62153a1-9c1d-450c-95e9-30066bbbae5c,
tch_20200710-165305_33,4e2d5c1b-c2a1-11ea-89f8-0242ac110002,std_1594380865023_33,class_20200710-165305_33,n7Xr-v82b,fe423a1b-a07e-485e-8f76-5fcd5c07294d,7837089c-9dd8-40d7-bdfe-0606df4989f1,96238734-ca1b-4bca-ab7c-7d41e50d46c1,381b788e-79d0-4b4e-b94b-ebd7817a381c,9048d6e6-2c78-4fc8-bd56-5e93951e0073,
tch_20200710-165305_22,4d6be101-c2a1-11ea-96b3-0242ac110002,std_1594380863798_22,class_20200710-165305_22,qaxr-xm6D,dcce6194-24d8-43cb-acc8-341e792fa9b0,04eadddb-b806-470f-a55e-dfa5f66e9ba2,b1e5d5d1-816f-4801-be82-83cd7f4b9938,2cd92b5a-0221-4ee6-ac03-188d50150580,cba75035-605f-4383-a5ab-7c1eba683150,
tch_20200710-165305_14,4de86365-c2a1-11ea-acee-0242ac110002,std_1594380864629_14,class_20200710-165305_14,fg6q-W3pQ,401aeb5f-4400-44a7-89ab-e6e28db0616a,12eb40fd-4642-43bf-9e6c-68fedddf0ce2,b427da57-4aed-443c-9bd5-49884737bb58,45a1d945-12fb-4b4f-b179-383b7bf66e7e,e988f99f-046a-4184-8454-c32878c40104,
tch_20200710-165305_31,4f708a82-c2a1-11ea-96b3-0242ac110002,std_1594380867193_31,class_20200710-165305_31,zkMd-3zhp,9ecb0bb9-67a9-45da-bc78-ada1f8cc3e6e,f681b8cd-5a51-4c7f-a3d6-ab96021642d0,54124ac9-f9cc-4019-8f7a-4b79ec77bcca,b267efa5-6189-4793-86bc-0f550612469e,082f748e-8c5c-4239-82ac-f3edd077bc65,
tch_20200710-165305_12,50c14d55-c2a1-11ea-89f8-0242ac110002,std_1594380869409_12,class_20200710-165305_12,F4a2-jXg2,b71c059c-15df-4a70-a6a7-f96c0a86e528,ebe60190-4a43-488f-bc62-c76da4b10bba,3eecc861-3f94-4e62-b643-8100b6d0e07d,cb40a3c5-7eb9-4fca-8f49-5387d52468e1,2a87cdfe-12aa-4530-9db5-4b9ad06acdf4,
tch_20200710-165305_25,51978906-c2a1-11ea-96b3-0242ac110002,std_1594380870796_25,class_20200710-165305_25,g94A-sHQy,643c2825-dfef-4756-b25c-9d074ea5b448,55cab46a-b0f6-40b6-973d-34f123f9adc6,8b4cd505-161f-4ee6-b2c6-42cc3efe0867,bfe23cdb-6637-4715-a60e-8e636b61efdc,1ce2bb73-490a-4978-a340-e8f9a9291196,
tch_20200710-165305_19,524fb587-c2a1-11ea-acee-0242ac110002,std_1594380872004_19,class_20200710-165305_19,6jD8-Q4g2,6daee11f-d008-4e73-8621-0731469e42d8,4326209e-af32-4bdf-a322-ef1a89cb4df3,e30a1225-7033-4a27-a198-7a8dcaa0db50,01f53de1-12a1-490b-96ff-ce218e4ec4d0,31fae2d7-9fec-4ae9-8edb-7bd8a38e168c,
tch_20200710-165305_27,544eba09-c2a1-11ea-af23-0242ac110002,std_1594380875298_27,class_20200710-165305_27,7LZ8-3mop,ea8af3fd-daed-447b-81e3-0e767a5d72ac,4bf0c141-84c1-4f36-95af-f51313746246,c30cf5c3-90b1-4652-a72e-43985eb794e1,c6b433b3-e424-4e87-a181-8244144e40ba,32a9c5f0-c570-48ab-ae3e-4c5994194e28,
tch_20200710-165305_13,53117f03-c2a1-11ea-af23-0242ac110002,std_1594380873264_13,class_20200710-165305_13,8LoN-9TdN,abd4ba41-c096-41ad-9632-a4f962302f29,c17fe34b-4502-43bd-9659-7f96d1cbc31b,9feaa5d4-b04e-492a-a96d-7df32499aef6,fbfa2fd6-170a-4337-8bda-6b4e364a9415,8add927c-5e51-4d85-8f18-401eaaba8efe,
tch_20200710-165305_18,54353e52-c2a1-11ea-af23-0242ac110002,std_1594380875188_18,class_20200710-165305_18,3wv7-QFn4,50e6aeed-6cd4-4f81-a697-43f7e33e2c62,a7ded0bd-f27d-4804-b823-e32b5f9dd4a3,f11bbe28-1cff-4e8d-8a41-b8ca220e73f5,6d39dfc2-ddec-4037-97b5-1cea2e1052ce,b2276a51-2617-43e6-ae5e-63fadfca85bb,
tch_20200710-165305_21,571ef116-c2a1-11ea-af23-0242ac110002,std_1594380880072_21,class_20200710-165305_21,TAtJ-3rk8,3efd06d2-6c80-4788-b3b1-55bbf9fb0678,72836052-9627-430e-b897-2a131b2492d0,58b1ea0c-d37f-435b-80c4-e02eb27c56fa,5a2e15d9-68ab-4255-91f2-34c608b4ecb7,c0b32516-ffda-4ccf-88bb-d96d2dd5d73b,
tch_20200710-165305_16,57bb7f06-c2a1-11ea-89f8-0242ac110002,std_1594380881112_16,class_20200710-165305_16,wCG9-J782,81525557-35d4-4052-b59c-dd7c4b8236bd,e4304c1c-3af3-4a93-9ed2-793abc90c1bf,685cadf8-cd4d-46eb-b7f3-af0823c15ba5,0eedb59d-9fe5-4c15-b09d-5815b7f1fd73,fd4674e8-2f19-48a6-92c6-30353c92a615,
tch_20200710-165305_17,57e686bf-c2a1-11ea-af23-0242ac110002,std_1594380881395_17,class_20200710-165305_17,j8Qv-8qd6,324f3748-6dd9-4f8b-9145-50521b62af36,0ff60808-1e2f-4cb6-816d-2970c6ff151a,84dcac30-a7b5-4905-9a0d-8938da7a7e30,23308204-2c7c-4e58-a173-879b9eeaeef0,155e84e6-5073-4a43-9cba-506a99343019,
tch_20200710-165305_24,584a50f6-c2a1-11ea-af23-0242ac110002,std_1594380882034_24,class_20200710-165305_24,3HVd-6XwL,b98f9936-ab27-42c3-bb8b-f401547f9bdc,7ff08143-a3f6-4d05-9308-4c31c0142e32,5b4cd1d8-df7a-4677-876d-6fb75b71880b,e22476e1-795a-4f39-8493-7cbdfc855e0d,63823786-79f3-4f98-a3df-216f544fc3ad,
tch_20200710-165305_11,569a7e6a-c2a1-11ea-89f8-0242ac110002,std_1594380879214_11,class_20200710-165305_11,aXgh-Y6dh,e68c1c36-bdaa-4c7a-b20a-25e413e12293,c42e96a6-aa93-44e0-b174-5be5893abaed,e650c068-2ce8-4328-a868-83199be9903a,4c48be5e-68b3-4f55-841b-b400fc0e5b27,d59000c1-b91a-402a-af88-446916f712a5,
tch_20200710-165305_35,56fe9721-c2a1-11ea-96b3-0242ac110002,std_1594380879574_35,class_20200710-165305_35,Vz6W-7wRH,8ef4807f-67e1-4150-a2b5-4f273ddcdffe,d58e237e-066b-478e-bd53-b91eabf1ae50,49891d66-090e-4342-af90-d4199791f522,2a4039d4-4596-4635-a818-d3410d4adaaf,d4b92aa9-f447-4195-a31c-f6d214dabc1c,
tch_20200710-165305_20,5b42a9b7-c2a1-11ea-89f8-0242ac110002,std_1594380887027_20,class_20200710-165305_20,NZbc-AXiY,ac363fd0-742c-4997-a0ee-cc578c061296,78d3f068-01f7-4b30-adfc-030b6a3c3d7d,5f5077f9-974a-42f7-a0ec-212c07811456,c0fba2f6-00b9-4850-be2f-cc987ced5c56,bd2c3d98-edfc-440d-801f-a7dc1e06cd0a,
tch_20200710-165305_34,5b253697-c2a1-11ea-96b3-0242ac110002,std_1594380886841_34,class_20200710-165305_34,V69H-nzTE,4e31a80d-8f34-4830-a1d0-6ed176d72c4c,3a030ed0-aae1-4308-886a-991a29551680,42606a56-2223-4b50-a774-d385385f25fd,299924b3-e030-4472-b44c-75d9585cee06,dbf365ae-8679-43a3-9108-898b2574f041,
tch_20200710-165305_15,5adb0e44-c2a1-11ea-89f8-0242ac110002,std_1594380886329_15,class_20200710-165305_15,nGDW-mRxw,ee3c3c1a-6a2e-4916-97b3-74e0f9439923,f419d6ca-c1d8-4e49-bc17-3dfda04c5068,53e6538c-ac57-4e74-bd7f-2b5b089d22af,1d91dfff-b2fb-46e8-8fbc-b7a767eb53f2,3290258c-fed3-43ab-91b6-e6129b5c5c3f,
tch_20200710-165305_28,5a0324a1-c2a1-11ea-89f8-0242ac110002,std_1594380884919_28,class_20200710-165305_28,u6zE-9H6e,c6703ab8-96a1-4bcd-8d95-022bdeda8e59,ce1698ec-724d-4206-aa68-e1dec146ce66,6b5f998b-8e9b-4f51-9287-c28cba3238c1,64cbc042-708e-4fd1-a424-a5e8a9afa04a,a77ffa29-ee99-44bb-a044-daa861e92f55,
tch_20200710-165305_26,5a553ce1-c2a1-11ea-acee-0242ac110002,std_1594380885410_26,class_20200710-165305_26,PmjU-qzp9,c218b767-2aca-4670-beca-ff3ea98e597a,46f243ab-3899-42d7-b4ea-831e9db4d86b,a1cf7ccc-0f93-4f5a-ac98-84f66f284b12,514daeb2-16ee-4688-9aba-03ae4be9d563,f52a725c-3802-4924-b963-8e9b040e77ae,
tch_20200710-165305_32,5a2998c2-c2a1-11ea-96b3-0242ac110002,std_1594380885161_32,class_20200710-165305_32,6CVC-DguK,d0b86226-12a7-4e61-b20e-5b60561d5af1,098dfca6-c11a-45eb-b732-a48145178f56,06ced54b-c68b-4c8e-9e3e-87055916f173,cb4265a1-2ea6-4e73-bb16-38dd76dc6627,2052ca7b-7c3a-4444-a2fe-a14eef6a86f3,
tch_20200710-165305_23,5af88184-c2a1-11ea-af23-0242ac110002,std_1594380886519_23,class_20200710-165305_23,widj-kAPy,4937406f-6a26-418c-9fbe-e06d8be0fb39,d0221a43-ff37-4b86-95f4-19e81eb18f65,b0f99f2e-9224-4956-bab0-3a2ab49ddf56,7dc76efd-8847-437d-bc17-ed5fb5462472,2268b16e-9bd6-47cd-9592-be17182cd16e,
tch_20200710-165305_33,5c46faad-c2a1-11ea-89f8-0242ac110002,std_1594380888704_33,class_20200710-165305_33,n7Xr-v82b,fe423a1b-a07e-485e-8f76-5fcd5c07294d,7837089c-9dd8-40d7-bdfe-0606df4989f1,96238734-ca1b-4bca-ab7c-7d41e50d46c1,381b788e-79d0-4b4e-b94b-ebd7817a381c,9048d6e6-2c78-4fc8-bd56-5e93951e0073,
tch_20200710-165305_29,5ac710e2-c2a1-11ea-89f8-0242ac110002,std_1594380886228_29,class_20200710-165305_29,92ZC-4nDH,b1478fc2-67f7-4b66-94c0-e04ac43c763a,a90bc227-67f5-4f0f-92c6-c60972dac840,a5e1be97-1f2d-476c-8200-a36c6c986d29,33c74318-af17-4e1d-9407-edb09409a03d,020abfe9-0bbf-4e4e-8845-43fd8234a495,
tch_20200710-165305_30,5c0ab4d3-c2a1-11ea-96b3-0242ac110002,std_1594380888328_30,class_20200710-165305_30,6Wh6-s74C,826a4d01-9a60-490a-9b2d-2fa5e68ebef6,e1b2277f-8a96-4c25-9cd6-f799c0a951f6,f04dafde-0481-4745-891e-4f453b57239f,f498bb05-723e-4154-8a3a-dfe195f970af,d62153a1-9c1d-450c-95e9-30066bbbae5c,
tch_20200710-165305_22,5c563ca6-c2a1-11ea-acee-0242ac110002,std_1594380888822_22,class_20200710-165305_22,qaxr-xm6D,dcce6194-24d8-43cb-acc8-341e792fa9b0,04eadddb-b806-470f-a55e-dfa5f66e9ba2,b1e5d5d1-816f-4801-be82-83cd7f4b9938,2cd92b5a-0221-4ee6-ac03-188d50150580,cba75035-605f-4383-a5ab-7c1eba683150,
tch_20200710-165305_25,5f216ac9-c2a1-11ea-af23-0242ac110002,std_1594380893527_25,class_20200710-165305_25,g94A-sHQy,643c2825-dfef-4756-b25c-9d074ea5b448,55cab46a-b0f6-40b6-973d-34f123f9adc6,8b4cd505-161f-4ee6-b2c6-42cc3efe0867,bfe23cdb-6637-4715-a60e-8e636b61efdc,1ce2bb73-490a-4978-a340-e8f9a9291196,
tch_20200710-165305_14,5c9c45f2-c2a1-11ea-acee-0242ac110002,std_1594380889286_14,class_20200710-165305_14,fg6q-W3pQ,401aeb5f-4400-44a7-89ab-e6e28db0616a,12eb40fd-4642-43bf-9e6c-68fedddf0ce2,b427da57-4aed-443c-9bd5-49884737bb58,45a1d945-12fb-4b4f-b179-383b7bf66e7e,e988f99f-046a-4184-8454-c32878c40104,
tch_20200710-165305_19,5fad2f56-c2a1-11ea-96b3-0242ac110002,std_1594380894425_19,class_20200710-165305_19,6jD8-Q4g2,6daee11f-d008-4e73-8621-0731469e42d8,4326209e-af32-4bdf-a322-ef1a89cb4df3,e30a1225-7033-4a27-a198-7a8dcaa0db50,01f53de1-12a1-490b-96ff-ce218e4ec4d0,31fae2d7-9fec-4ae9-8edb-7bd8a38e168c,
tch_20200710-165305_31,5e79e053-c2a1-11ea-96b3-0242ac110002,std_1594380892394_31,class_20200710-165305_31,zkMd-3zhp,9ecb0bb9-67a9-45da-bc78-ada1f8cc3e6e,f681b8cd-5a51-4c7f-a3d6-ab96021642d0,54124ac9-f9cc-4019-8f7a-4b79ec77bcca,b267efa5-6189-4793-86bc-0f550612469e,082f748e-8c5c-4239-82ac-f3edd077bc65,
tch_20200710-165305_12,5ee1c953-c2a1-11ea-96b3-0242ac110002,std_1594380893099_12,class_20200710-165305_12,F4a2-jXg2,b71c059c-15df-4a70-a6a7-f96c0a86e528,ebe60190-4a43-488f-bc62-c76da4b10bba,3eecc861-3f94-4e62-b643-8100b6d0e07d,cb40a3c5-7eb9-4fca-8f49-5387d52468e1,2a87cdfe-12aa-4530-9db5-4b9ad06acdf4,
tch_20200710-165305_36,6086ee0a-c2a1-11ea-96b3-0242ac110002,std_1594380895551_36,class_20200710-165305_36,TChs-ezKB,4c164e08-5280-4fc1-8ed9-2eb1e83a06b7,c3420a6c-1732-4d51-b21d-9aa9b241a820,465a2f92-e17d-4f22-8010-3fd133c9f89b,7028ce1f-c128-464b-836a-a6737518d3db,28aa0c11-8768-4696-956a-5210ac98b21b,
tch_20200710-165305_13,618c5066-c2a1-11ea-89f8-0242ac110002,std_1594380897567_13,class_20200710-165305_13,8LoN-9TdN,abd4ba41-c096-41ad-9632-a4f962302f29,c17fe34b-4502-43bd-9659-7f96d1cbc31b,9feaa5d4-b04e-492a-a96d-7df32499aef6,fbfa2fd6-170a-4337-8bda-6b4e364a9415,8add927c-5e51-4d85-8f18-401eaaba8efe,
tch_20200710-165305_27,60f69f56-c2a1-11ea-96b3-0242ac110002,std_1594380896613_27,class_20200710-165305_27,7LZ8-3mop,ea8af3fd-daed-447b-81e3-0e767a5d72ac,4bf0c141-84c1-4f36-95af-f51313746246,c30cf5c3-90b1-4652-a72e-43985eb794e1,c6b433b3-e424-4e87-a181-8244144e40ba,32a9c5f0-c570-48ab-ae3e-4c5994194e28,
tch_20200710-165305_21,62609020-c2a1-11ea-acee-0242ac110002,std_1594380898961_21,class_20200710-165305_21,TAtJ-3rk8,3efd06d2-6c80-4788-b3b1-55bbf9fb0678,72836052-9627-430e-b897-2a131b2492d0,58b1ea0c-d37f-435b-80c4-e02eb27c56fa,5a2e15d9-68ab-4255-91f2-34c608b4ecb7,c0b32516-ffda-4ccf-88bb-d96d2dd5d73b,
tch_20200710-165305_18,61cf25ed-c2a1-11ea-af23-0242ac110002,std_1594380898025_18,class_20200710-165305_18,3wv7-QFn4,50e6aeed-6cd4-4f81-a697-43f7e33e2c62,a7ded0bd-f27d-4804-b823-e32b5f9dd4a3,f11bbe28-1cff-4e8d-8a41-b8ca220e73f5,6d39dfc2-ddec-4037-97b5-1cea2e1052ce,b2276a51-2617-43e6-ae5e-63fadfca85bb,
tch_20200710-165305_24,6417b632-c2a1-11ea-96b3-0242ac110002,std_1594380901814_24,class_20200710-165305_24,3HVd-6XwL,b98f9936-ab27-42c3-bb8b-f401547f9bdc,7ff08143-a3f6-4d05-9308-4c31c0142e32,5b4cd1d8-df7a-4677-876d-6fb75b71880b,e22476e1-795a-4f39-8493-7cbdfc855e0d,63823786-79f3-4f98-a3df-216f544fc3ad,
tch_20200710-165305_17,6349b7a2-c2a1-11ea-af23-0242ac110002,std_1594380900489_17,class_20200710-165305_17,j8Qv-8qd6,324f3748-6dd9-4f8b-9145-50521b62af36,0ff60808-1e2f-4cb6-816d-2970c6ff151a,84dcac30-a7b5-4905-9a0d-8938da7a7e30,23308204-2c7c-4e58-a173-879b9eeaeef0,155e84e6-5073-4a43-9cba-506a99343019,
tch_20200710-165305_16,630beaea-c2a1-11ea-acee-0242ac110002,std_1594380900078_16,class_20200710-165305_16,wCG9-J782,81525557-35d4-4052-b59c-dd7c4b8236bd,e4304c1c-3af3-4a93-9ed2-793abc90c1bf,685cadf8-cd4d-46eb-b7f3-af0823c15ba5,0eedb59d-9fe5-4c15-b09d-5815b7f1fd73,fd4674e8-2f19-48a6-92c6-30353c92a615,
tch_20200710-165305_15,678b0a99-c2a1-11ea-af23-0242ac110002,std_1594380907638_15,class_20200710-165305_15,nGDW-mRxw,ee3c3c1a-6a2e-4916-97b3-74e0f9439923,f419d6ca-c1d8-4e49-bc17-3dfda04c5068,53e6538c-ac57-4e74-bd7f-2b5b089d22af,1d91dfff-b2fb-46e8-8fbc-b7a767eb53f2,3290258c-fed3-43ab-91b6-e6129b5c5c3f,
tch_20200710-165305_35,652c8194-c2a1-11ea-89f8-0242ac110002,std_1594380903638_35,class_20200710-165305_35,Vz6W-7wRH,8ef4807f-67e1-4150-a2b5-4f273ddcdffe,d58e237e-066b-478e-bd53-b91eabf1ae50,49891d66-090e-4342-af90-d4199791f522,2a4039d4-4596-4635-a818-d3410d4adaaf,d4b92aa9-f447-4195-a31c-f6d214dabc1c,
tch_20200710-165305_23,689e76ea-c2a1-11ea-af23-0242ac110002,std_1594380909429_23,class_20200710-165305_23,widj-kAPy,4937406f-6a26-418c-9fbe-e06d8be0fb39,d0221a43-ff37-4b86-95f4-19e81eb18f65,b0f99f2e-9224-4956-bab0-3a2ab49ddf56,7dc76efd-8847-437d-bc17-ed5fb5462472,2268b16e-9bd6-47cd-9592-be17182cd16e,
tch_20200710-165305_28,67be771f-c2a1-11ea-af23-0242ac110002,std_1594380907921_28,class_20200710-165305_28,u6zE-9H6e,c6703ab8-96a1-4bcd-8d95-022bdeda8e59,ce1698ec-724d-4206-aa68-e1dec146ce66,6b5f998b-8e9b-4f51-9287-c28cba3238c1,64cbc042-708e-4fd1-a424-a5e8a9afa04a,a77ffa29-ee99-44bb-a044-daa861e92f55,
tch_20200710-165305_20,6679258e-c2a1-11ea-af23-0242ac110002,std_1594380905829_20,class_20200710-165305_20,NZbc-AXiY,ac363fd0-742c-4997-a0ee-cc578c061296,78d3f068-01f7-4b30-adfc-030b6a3c3d7d,5f5077f9-974a-42f7-a0ec-212c07811456,c0fba2f6-00b9-4850-be2f-cc987ced5c56,bd2c3d98-edfc-440d-801f-a7dc1e06cd0a,
tch_20200710-165305_32,68974a87-c2a1-11ea-89f8-0242ac110002,std_1594380909399_32,class_20200710-165305_32,6CVC-DguK,d0b86226-12a7-4e61-b20e-5b60561d5af1,098dfca6-c11a-45eb-b732-a48145178f56,06ced54b-c68b-4c8e-9e3e-87055916f173,cb4265a1-2ea6-4e73-bb16-38dd76dc6627,2052ca7b-7c3a-4444-a2fe-a14eef6a86f3,
tch_20200710-165305_34,6771b5f9-c2a1-11ea-acee-0242ac110002,std_1594380907409_34,class_20200710-165305_34,V69H-nzTE,4e31a80d-8f34-4830-a1d0-6ed176d72c4c,3a030ed0-aae1-4308-886a-991a29551680,42606a56-2223-4b50-a774-d385385f25fd,299924b3-e030-4472-b44c-75d9585cee06,dbf365ae-8679-43a3-9108-898b2574f041,
tch_20200710-165305_26,6879fea0-c2a1-11ea-af23-0242ac110002,std_1594380909200_26,class_20200710-165305_26,PmjU-qzp9,c218b767-2aca-4670-beca-ff3ea98e597a,46f243ab-3899-42d7-b4ea-831e9db4d86b,a1cf7ccc-0f93-4f5a-ac98-84f66f284b12,514daeb2-16ee-4688-9aba-03ae4be9d563,f52a725c-3802-4924-b963-8e9b040e77ae,
tch_20200710-165305_29,696d5ec5-c2a1-11ea-af23-0242ac110002,std_1594380910753_29,class_20200710-165305_29,92ZC-4nDH,b1478fc2-67f7-4b66-94c0-e04ac43c763a,a90bc227-67f5-4f0f-92c6-c60972dac840,a5e1be97-1f2d-476c-8200-a36c6c986d29,33c74318-af17-4e1d-9407-edb09409a03d,020abfe9-0bbf-4e4e-8845-43fd8234a495,
tch_20200710-165305_33,692b746a-c2a1-11ea-acee-0242ac110002,std_1594380910377_33,class_20200710-165305_33,n7Xr-v82b,fe423a1b-a07e-485e-8f76-5fcd5c07294d,7837089c-9dd8-40d7-bdfe-0606df4989f1,96238734-ca1b-4bca-ab7c-7d41e50d46c1,381b788e-79d0-4b4e-b94b-ebd7817a381c,9048d6e6-2c78-4fc8-bd56-5e93951e0073,
tch_20200710-165305_19,6b7fc46d-c2a1-11ea-96b3-0242ac110002,std_1594380914257_19,class_20200710-165305_19,6jD8-Q4g2,6daee11f-d008-4e73-8621-0731469e42d8,4326209e-af32-4bdf-a322-ef1a89cb4df3,e30a1225-7033-4a27-a198-7a8dcaa0db50,01f53de1-12a1-490b-96ff-ce218e4ec4d0,31fae2d7-9fec-4ae9-8edb-7bd8a38e168c,
tch_20200710-165305_30,69c59151-c2a1-11ea-af23-0242ac110002,std_1594380911369_30,class_20200710-165305_30,6Wh6-s74C,826a4d01-9a60-490a-9b2d-2fa5e68ebef6,e1b2277f-8a96-4c25-9cd6-f799c0a951f6,f04dafde-0481-4745-891e-4f453b57239f,f498bb05-723e-4154-8a3a-dfe195f970af,d62153a1-9c1d-450c-95e9-30066bbbae5c,
tch_20200710-165305_25,6acf871b-c2a1-11ea-acee-0242ac110002,std_1594380913077_25,class_20200710-165305_25,g94A-sHQy,643c2825-dfef-4756-b25c-9d074ea5b448,55cab46a-b0f6-40b6-973d-34f123f9adc6,8b4cd505-161f-4ee6-b2c6-42cc3efe0867,bfe23cdb-6637-4715-a60e-8e636b61efdc,1ce2bb73-490a-4978-a340-e8f9a9291196,
tch_20200710-165305_31,6b9d109a-c2a1-11ea-af23-0242ac110002,std_1594380914438_31,class_20200710-165305_31,zkMd-3zhp,9ecb0bb9-67a9-45da-bc78-ada1f8cc3e6e,f681b8cd-5a51-4c7f-a3d6-ab96021642d0,54124ac9-f9cc-4019-8f7a-4b79ec77bcca,b267efa5-6189-4793-86bc-0f550612469e,082f748e-8c5c-4239-82ac-f3edd077bc65,
tch_20200710-165305_22,6a6664d2-c2a1-11ea-af23-0242ac110002,std_1594380912424_22,class_20200710-165305_22,qaxr-xm6D,dcce6194-24d8-43cb-acc8-341e792fa9b0,04eadddb-b806-470f-a55e-dfa5f66e9ba2,b1e5d5d1-816f-4801-be82-83cd7f4b9938,2cd92b5a-0221-4ee6-ac03-188d50150580,cba75035-605f-4383-a5ab-7c1eba683150,
tch_20200710-165305_14,6b1e6b08-c2a1-11ea-96b3-0242ac110002,std_1594380913632_14,class_20200710-165305_14,fg6q-W3pQ,401aeb5f-4400-44a7-89ab-e6e28db0616a,12eb40fd-4642-43bf-9e6c-68fedddf0ce2,b427da57-4aed-443c-9bd5-49884737bb58,45a1d945-12fb-4b4f-b179-383b7bf66e7e,e988f99f-046a-4184-8454-c32878c40104,
tch_20200710-165305_36,6dc8a296-c2a1-11ea-af23-0242ac110002,std_1594380918094_36,class_20200710-165305_36,TChs-ezKB,4c164e08-5280-4fc1-8ed9-2eb1e83a06b7,c3420a6c-1732-4d51-b21d-9aa9b241a820,465a2f92-e17d-4f22-8010-3fd133c9f89b,7028ce1f-c128-464b-836a-a6737518d3db,28aa0c11-8768-4696-956a-5210ac98b21b,
tch_20200710-165305_21,6eab6229-c2a1-11ea-acee-0242ac110002,std_1594380919567_21,class_20200710-165305_21,TAtJ-3rk8,3efd06d2-6c80-4788-b3b1-55bbf9fb0678,72836052-9627-430e-b897-2a131b2492d0,58b1ea0c-d37f-435b-80c4-e02eb27c56fa,5a2e15d9-68ab-4255-91f2-34c608b4ecb7,c0b32516-ffda-4ccf-88bb-d96d2dd5d73b,
tch_20200710-165305_37,6d1fe039-c2a1-11ea-89f8-0242ac110002,std_1594380916693_37,class_20200710-165305_37,dE8N-6jyd,2e329516-357f-4130-808e-c7bacf1fe717,8cb410ae-5739-4f40-8beb-f641c367aa5b,3a8cf288-c4a1-4a2d-8173-53dd8bc21d88,6a06502a-256c-4336-a099-77126df3e1c5,81491b43-8f60-4366-a48d-569995b0a465,
tch_20200710-165305_18,6f61e130-c2a1-11ea-89f8-0242ac110002,std_1594380920760_18,class_20200710-165305_18,3wv7-QFn4,50e6aeed-6cd4-4f81-a697-43f7e33e2c62,a7ded0bd-f27d-4804-b823-e32b5f9dd4a3,f11bbe28-1cff-4e8d-8a41-b8ca220e73f5,6d39dfc2-ddec-4037-97b5-1cea2e1052ce,b2276a51-2617-43e6-ae5e-63fadfca85bb,
tch_20200710-165305_27,6e7c14c5-c2a1-11ea-96b3-0242ac110002,std_1594380919275_27,class_20200710-165305_27,7LZ8-3mop,ea8af3fd-daed-447b-81e3-0e767a5d72ac,4bf0c141-84c1-4f36-95af-f51313746246,c30cf5c3-90b1-4652-a72e-43985eb794e1,c6b433b3-e424-4e87-a181-8244144e40ba,32a9c5f0-c570-48ab-ae3e-4c5994194e28,
tch_20200710-165305_17,70ed3b3a-c2a1-11ea-af23-0242ac110002,std_1594380923393_17,class_20200710-165305_17,j8Qv-8qd6,324f3748-6dd9-4f8b-9145-50521b62af36,0ff60808-1e2f-4cb6-816d-2970c6ff151a,84dcac30-a7b5-4905-9a0d-8938da7a7e30,23308204-2c7c-4e58-a173-879b9eeaeef0,155e84e6-5073-4a43-9cba-506a99343019,
tch_20200710-165305_16,71e04e05-c2a1-11ea-acee-0242ac110002,std_1594380924957_16,class_20200710-165305_16,wCG9-J782,81525557-35d4-4052-b59c-dd7c4b8236bd,e4304c1c-3af3-4a93-9ed2-793abc90c1bf,685cadf8-cd4d-46eb-b7f3-af0823c15ba5,0eedb59d-9fe5-4c15-b09d-5815b7f1fd73,fd4674e8-2f19-48a6-92c6-30353c92a615,
tch_20200710-165305_24,70cd57e7-c2a1-11ea-af23-0242ac110002,std_1594380923129_24,class_20200710-165305_24,3HVd-6XwL,b98f9936-ab27-42c3-bb8b-f401547f9bdc,7ff08143-a3f6-4d05-9308-4c31c0142e32,5b4cd1d8-df7a-4677-876d-6fb75b71880b,e22476e1-795a-4f39-8493-7cbdfc855e0d,63823786-79f3-4f98-a3df-216f544fc3ad,
tch_20200710-165305_23,74e689b2-c2a1-11ea-96b3-0242ac110002,std_1594380930045_23,class_20200710-165305_23,widj-kAPy,4937406f-6a26-418c-9fbe-e06d8be0fb39,d0221a43-ff37-4b86-95f4-19e81eb18f65,b0f99f2e-9224-4956-bab0-3a2ab49ddf56,7dc76efd-8847-437d-bc17-ed5fb5462472,2268b16e-9bd6-47cd-9592-be17182cd16e,
tch_20200710-165305_35,74b31d35-c2a1-11ea-af23-0242ac110002,std_1594380929718_35,class_20200710-165305_35,Vz6W-7wRH,8ef4807f-67e1-4150-a2b5-4f273ddcdffe,d58e237e-066b-478e-bd53-b91eabf1ae50,49891d66-090e-4342-af90-d4199791f522,2a4039d4-4596-4635-a818-d3410d4adaaf,d4b92aa9-f447-4195-a31c-f6d214dabc1c,
tch_20200710-165305_28,74f7eeee-c2a1-11ea-af23-0242ac110002,std_1594380930152_28,class_20200710-165305_28,u6zE-9H6e,c6703ab8-96a1-4bcd-8d95-022bdeda8e59,ce1698ec-724d-4206-aa68-e1dec146ce66,6b5f998b-8e9b-4f51-9287-c28cba3238c1,64cbc042-708e-4fd1-a424-a5e8a9afa04a,a77ffa29-ee99-44bb-a044-daa861e92f55,
tch_20200710-165305_34,75efe33b-c2a1-11ea-acee-0242ac110002,std_1594380931775_34,class_20200710-165305_34,V69H-nzTE,4e31a80d-8f34-4830-a1d0-6ed176d72c4c,3a030ed0-aae1-4308-886a-991a29551680,42606a56-2223-4b50-a774-d385385f25fd,299924b3-e030-4472-b44c-75d9585cee06,dbf365ae-8679-43a3-9108-898b2574f041,
tch_20200710-165305_15,74458ed8-c2a1-11ea-af23-0242ac110002,std_1594380928955_15,class_20200710-165305_15,nGDW-mRxw,ee3c3c1a-6a2e-4916-97b3-74e0f9439923,f419d6ca-c1d8-4e49-bc17-3dfda04c5068,53e6538c-ac57-4e74-bd7f-2b5b089d22af,1d91dfff-b2fb-46e8-8fbc-b7a767eb53f2,3290258c-fed3-43ab-91b6-e6129b5c5c3f,
tch_20200710-165305_26,763158ee-c2a1-11ea-96b3-0242ac110002,std_1594380932208_26,class_20200710-165305_26,PmjU-qzp9,c218b767-2aca-4670-beca-ff3ea98e597a,46f243ab-3899-42d7-b4ea-831e9db4d86b,a1cf7ccc-0f93-4f5a-ac98-84f66f284b12,514daeb2-16ee-4688-9aba-03ae4be9d563,f52a725c-3802-4924-b963-8e9b040e77ae,
tch_20200710-165305_20,753daa47-c2a1-11ea-acee-0242ac110002,std_1594380930591_20,class_20200710-165305_20,NZbc-AXiY,ac363fd0-742c-4997-a0ee-cc578c061296,78d3f068-01f7-4b30-adfc-030b6a3c3d7d,5f5077f9-974a-42f7-a0ec-212c07811456,c0fba2f6-00b9-4850-be2f-cc987ced5c56,bd2c3d98-edfc-440d-801f-a7dc1e06cd0a,
tch_20200710-165305_30,77bc172c-c2a1-11ea-96b3-0242ac110002,std_1594380934794_30,class_20200710-165305_30,6Wh6-s74C,826a4d01-9a60-490a-9b2d-2fa5e68ebef6,e1b2277f-8a96-4c25-9cd6-f799c0a951f6,f04dafde-0481-4745-891e-4f453b57239f,f498bb05-723e-4154-8a3a-dfe195f970af,d62153a1-9c1d-450c-95e9-30066bbbae5c,
tch_20200710-165305_29,76457d8b-c2a1-11ea-af23-0242ac110002,std_1594380932330_29,class_20200710-165305_29,92ZC-4nDH,b1478fc2-67f7-4b66-94c0-e04ac43c763a,a90bc227-67f5-4f0f-92c6-c60972dac840,a5e1be97-1f2d-476c-8200-a36c6c986d29,33c74318-af17-4e1d-9407-edb09409a03d,020abfe9-0bbf-4e4e-8845-43fd8234a495,
tch_20200710-165305_33,778576ac-c2a1-11ea-89f8-0242ac110002,std_1594380934423_33,class_20200710-165305_33,n7Xr-v82b,fe423a1b-a07e-485e-8f76-5fcd5c07294d,7837089c-9dd8-40d7-bdfe-0606df4989f1,96238734-ca1b-4bca-ab7c-7d41e50d46c1,381b788e-79d0-4b4e-b94b-ebd7817a381c,9048d6e6-2c78-4fc8-bd56-5e93951e0073,
tch_20200710-165305_32,757ab362-c2a1-11ea-af23-0242ac110002,std_1594380931004_32,class_20200710-165305_32,6CVC-DguK,d0b86226-12a7-4e61-b20e-5b60561d5af1,098dfca6-c11a-45eb-b732-a48145178f56,06ced54b-c68b-4c8e-9e3e-87055916f173,cb4265a1-2ea6-4e73-bb16-38dd76dc6627,2052ca7b-7c3a-4444-a2fe-a14eef6a86f3,
tch_20200710-165305_19,77a051ee-c2a1-11ea-af23-0242ac110002,std_1594380934624_19,class_20200710-165305_19,6jD8-Q4g2,6daee11f-d008-4e73-8621-0731469e42d8,4326209e-af32-4bdf-a322-ef1a89cb4df3,e30a1225-7033-4a27-a198-7a8dcaa0db50,01f53de1-12a1-490b-96ff-ce218e4ec4d0,31fae2d7-9fec-4ae9-8edb-7bd8a38e168c,
tch_20200710-165305_22,7878fee7-c2a1-11ea-96b3-0242ac110002,std_1594380936024_22,class_20200710-165305_22,qaxr-xm6D,dcce6194-24d8-43cb-acc8-341e792fa9b0,04eadddb-b806-470f-a55e-dfa5f66e9ba2,b1e5d5d1-816f-4801-be82-83cd7f4b9938,2cd92b5a-0221-4ee6-ac03-188d50150580,cba75035-605f-4383-a5ab-7c1eba683150,
tch_20200710-165305_25,77f59dc2-c2a1-11ea-acee-0242ac110002,std_1594380935179_25,class_20200710-165305_25,g94A-sHQy,643c2825-dfef-4756-b25c-9d074ea5b448,55cab46a-b0f6-40b6-973d-34f123f9adc6,8b4cd505-161f-4ee6-b2c6-42cc3efe0867,bfe23cdb-6637-4715-a60e-8e636b61efdc,1ce2bb73-490a-4978-a340-e8f9a9291196,
tch_20200710-165305_38,78190459-c2a1-11ea-af23-0242ac110002,std_1594380935112_38,class_20200710-165305_38,gy7v-7GPE,7c9db882-eb40-44a5-9652-80c2338f65c2,ad7a2c6e-1689-40f6-93c0-b6f9ac3f0ec0,e143162c-4c2f-409e-9225-c95f9da4b9bf,d25f61eb-a1b0-41af-b49b-89111fdad7c6,6e59e28f-f1f3-408e-b51e-aa72489834e4,
tch_20200710-165305_36,7b3b04c1-c2a1-11ea-96b3-0242ac110002,std_1594380940644_36,class_20200710-165305_36,TChs-ezKB,4c164e08-5280-4fc1-8ed9-2eb1e83a06b7,c3420a6c-1732-4d51-b21d-9aa9b241a820,465a2f92-e17d-4f22-8010-3fd133c9f89b,7028ce1f-c128-464b-836a-a6737518d3db,28aa0c11-8768-4696-956a-5210ac98b21b,
tch_20200710-165305_31,7840ff21-c2a1-11ea-af23-0242ac110002,std_1594380935662_31,class_20200710-165305_31,zkMd-3zhp,9ecb0bb9-67a9-45da-bc78-ada1f8cc3e6e,f681b8cd-5a51-4c7f-a3d6-ab96021642d0,54124ac9-f9cc-4019-8f7a-4b79ec77bcca,b267efa5-6189-4793-86bc-0f550612469e,082f748e-8c5c-4239-82ac-f3edd077bc65,
tch_20200710-165305_21,7bbf77a0-c2a1-11ea-89f8-0242ac110002,std_1594380941517_21,class_20200710-165305_21,TAtJ-3rk8,3efd06d2-6c80-4788-b3b1-55bbf9fb0678,72836052-9627-430e-b897-2a131b2492d0,58b1ea0c-d37f-435b-80c4-e02eb27c56fa,5a2e15d9-68ab-4255-91f2-34c608b4ecb7,c0b32516-ffda-4ccf-88bb-d96d2dd5d73b,
tch_20200710-165305_14,7a46454a-c2a1-11ea-acee-0242ac110002,std_1594380939014_14,class_20200710-165305_14,fg6q-W3pQ,401aeb5f-4400-44a7-89ab-e6e28db0616a,12eb40fd-4642-43bf-9e6c-68fedddf0ce2,b427da57-4aed-443c-9bd5-49884737bb58,45a1d945-12fb-4b4f-b179-383b7bf66e7e,e988f99f-046a-4184-8454-c32878c40104,
tch_20200710-165305_37,7c460c20-c2a1-11ea-96b3-0242ac110002,std_1594380942403_37,class_20200710-165305_37,dE8N-6jyd,2e329516-357f-4130-808e-c7bacf1fe717,8cb410ae-5739-4f40-8beb-f641c367aa5b,3a8cf288-c4a1-4a2d-8173-53dd8bc21d88,6a06502a-256c-4336-a099-77126df3e1c5,81491b43-8f60-4366-a48d-569995b0a465,
tch_20200710-165305_16,7fa84aa5-c2a1-11ea-acee-0242ac110002,std_1594380948080_16,class_20200710-165305_16,wCG9-J782,81525557-35d4-4052-b59c-dd7c4b8236bd,e4304c1c-3af3-4a93-9ed2-793abc90c1bf,685cadf8-cd4d-46eb-b7f3-af0823c15ba5,0eedb59d-9fe5-4c15-b09d-5815b7f1fd73,fd4674e8-2f19-48a6-92c6-30353c92a615,
tch_20200710-165305_17,7f866a26-c2a1-11ea-89f8-0242ac110002,std_1594380947862_17,class_20200710-165305_17,j8Qv-8qd6,324f3748-6dd9-4f8b-9145-50521b62af36,0ff60808-1e2f-4cb6-816d-2970c6ff151a,84dcac30-a7b5-4905-9a0d-8938da7a7e30,23308204-2c7c-4e58-a173-879b9eeaeef0,155e84e6-5073-4a43-9cba-506a99343019,
tch_20200710-165305_18,7dec4267-c2a1-11ea-af23-0242ac110002,std_1594380945178_18,class_20200710-165305_18,3wv7-QFn4,50e6aeed-6cd4-4f81-a697-43f7e33e2c62,a7ded0bd-f27d-4804-b823-e32b5f9dd4a3,f11bbe28-1cff-4e8d-8a41-b8ca220e73f5,6d39dfc2-ddec-4037-97b5-1cea2e1052ce,b2276a51-2617-43e6-ae5e-63fadfca85bb,
tch_20200710-165305_27,7e5404f5-c2a1-11ea-96b3-0242ac110002,std_1594380945869_27,class_20200710-165305_27,7LZ8-3mop,ea8af3fd-daed-447b-81e3-0e767a5d72ac,4bf0c141-84c1-4f36-95af-f51313746246,c30cf5c3-90b1-4652-a72e-43985eb794e1,c6b433b3-e424-4e87-a181-8244144e40ba,32a9c5f0-c570-48ab-ae3e-4c5994194e28,
tch_20200710-165305_24,808b092a-c2a1-11ea-af23-0242ac110002,std_1594380949584_24,class_20200710-165305_24,3HVd-6XwL,b98f9936-ab27-42c3-bb8b-f401547f9bdc,7ff08143-a3f6-4d05-9308-4c31c0142e32,5b4cd1d8-df7a-4677-876d-6fb75b71880b,e22476e1-795a-4f39-8493-7cbdfc855e0d,63823786-79f3-4f98-a3df-216f544fc3ad,
tch_20200710-165305_28,8112fdb5-c2a1-11ea-96b3-0242ac110002,std_1594380950463_28,class_20200710-165305_28,u6zE-9H6e,c6703ab8-96a1-4bcd-8d95-022bdeda8e59,ce1698ec-724d-4206-aa68-e1dec146ce66,6b5f998b-8e9b-4f51-9287-c28cba3238c1,64cbc042-708e-4fd1-a424-a5e8a9afa04a,a77ffa29-ee99-44bb-a044-daa861e92f55,
tch_20200710-165305_30,82e3ed14-c2a1-11ea-89f8-0242ac110002,std_1594380953519_30,class_20200710-165305_30,6Wh6-s74C,826a4d01-9a60-490a-9b2d-2fa5e68ebef6,e1b2277f-8a96-4c25-9cd6-f799c0a951f6,f04dafde-0481-4745-891e-4f453b57239f,f498bb05-723e-4154-8a3a-dfe195f970af,d62153a1-9c1d-450c-95e9-30066bbbae5c,
tch_20200710-165305_26,82009204-c2a1-11ea-89f8-0242ac110002,std_1594380952028_26,class_20200710-165305_26,PmjU-qzp9,c218b767-2aca-4670-beca-ff3ea98e597a,46f243ab-3899-42d7-b4ea-831e9db4d86b,a1cf7ccc-0f93-4f5a-ac98-84f66f284b12,514daeb2-16ee-4688-9aba-03ae4be9d563,f52a725c-3802-4924-b963-8e9b040e77ae,
tch_20200710-165305_23,80b1caf7-c2a1-11ea-89f8-0242ac110002,std_1594380949822_23,class_20200710-165305_23,widj-kAPy,4937406f-6a26-418c-9fbe-e06d8be0fb39,d0221a43-ff37-4b86-95f4-19e81eb18f65,b0f99f2e-9224-4956-bab0-3a2ab49ddf56,7dc76efd-8847-437d-bc17-ed5fb5462472,2268b16e-9bd6-47cd-9592-be17182cd16e,
tch_20200710-165305_39,832da0c4-c2a1-11ea-89f8-0242ac110002,std_1594380953647_39,class_20200710-165305_39,4V8u-U6es,9d3bec6b-aa45-4329-bbf6-4226efb7445b,6221f441-aa7e-43dc-9593-1890bd65bef9,441c1a16-833a-4123-96e8-1a53d75c430c,1ec02326-53d3-4511-be0c-1fcfaee83a30,69092ba0-0576-4837-8789-8b658d11a410,
tch_20200710-165305_35,80e0a3ad-c2a1-11ea-89f8-0242ac110002,std_1594380950104_35,class_20200710-165305_35,Vz6W-7wRH,8ef4807f-67e1-4150-a2b5-4f273ddcdffe,d58e237e-066b-478e-bd53-b91eabf1ae50,49891d66-090e-4342-af90-d4199791f522,2a4039d4-4596-4635-a818-d3410d4adaaf,d4b92aa9-f447-4195-a31c-f6d214dabc1c,
tch_20200710-165305_33,83b67faa-c2a1-11ea-89f8-0242ac110002,std_1594380954887_33,class_20200710-165305_33,n7Xr-v82b,fe423a1b-a07e-485e-8f76-5fcd5c07294d,7837089c-9dd8-40d7-bdfe-0606df4989f1,96238734-ca1b-4bca-ab7c-7d41e50d46c1,381b788e-79d0-4b4e-b94b-ebd7817a381c,9048d6e6-2c78-4fc8-bd56-5e93951e0073,
tch_20200710-165305_15,81f17708-c2a1-11ea-af23-0242ac110002,std_1594380951927_15,class_20200710-165305_15,nGDW-mRxw,ee3c3c1a-6a2e-4916-97b3-74e0f9439923,f419d6ca-c1d8-4e49-bc17-3dfda04c5068,53e6538c-ac57-4e74-bd7f-2b5b089d22af,1d91dfff-b2fb-46e8-8fbc-b7a767eb53f2,3290258c-fed3-43ab-91b6-e6129b5c5c3f,
tch_20200710-165305_20,82d80601-c2a1-11ea-89f8-0242ac110002,std_1594380953408_20,class_20200710-165305_20,NZbc-AXiY,ac363fd0-742c-4997-a0ee-cc578c061296,78d3f068-01f7-4b30-adfc-030b6a3c3d7d,5f5077f9-974a-42f7-a0ec-212c07811456,c0fba2f6-00b9-4850-be2f-cc987ced5c56,bd2c3d98-edfc-440d-801f-a7dc1e06cd0a,
tch_20200710-165305_34,8166e9bf-c2a1-11ea-acee-0242ac110002,std_1594380951019_34,class_20200710-165305_34,V69H-nzTE,4e31a80d-8f34-4830-a1d0-6ed176d72c4c,3a030ed0-aae1-4308-886a-991a29551680,42606a56-2223-4b50-a774-d385385f25fd,299924b3-e030-4472-b44c-75d9585cee06,dbf365ae-8679-43a3-9108-898b2574f041,
tch_20200710-165305_38,86266e7b-c2a1-11ea-96b3-0242ac110002,std_1594380958962_38,class_20200710-165305_38,gy7v-7GPE,7c9db882-eb40-44a5-9652-80c2338f65c2,ad7a2c6e-1689-40f6-93c0-b6f9ac3f0ec0,e143162c-4c2f-409e-9225-c95f9da4b9bf,d25f61eb-a1b0-41af-b49b-89111fdad7c6,6e59e28f-f1f3-408e-b51e-aa72489834e4,
tch_20200710-165305_22,85429e23-c2a1-11ea-89f8-0242ac110002,std_1594380957497_22,class_20200710-165305_22,qaxr-xm6D,dcce6194-24d8-43cb-acc8-341e792fa9b0,04eadddb-b806-470f-a55e-dfa5f66e9ba2,b1e5d5d1-816f-4801-be82-83cd7f4b9938,2cd92b5a-0221-4ee6-ac03-188d50150580,cba75035-605f-4383-a5ab-7c1eba683150,
tch_20200710-165305_32,83bd5d9d-c2a1-11ea-89f8-0242ac110002,std_1594380954937_32,class_20200710-165305_32,6CVC-DguK,d0b86226-12a7-4e61-b20e-5b60561d5af1,098dfca6-c11a-45eb-b732-a48145178f56,06ced54b-c68b-4c8e-9e3e-87055916f173,cb4265a1-2ea6-4e73-bb16-38dd76dc6627,2052ca7b-7c3a-4444-a2fe-a14eef6a86f3,
tch_20200710-165305_25,858f5e21-c2a1-11ea-96b3-0242ac110002,std_1594380957997_25,class_20200710-165305_25,g94A-sHQy,643c2825-dfef-4756-b25c-9d074ea5b448,55cab46a-b0f6-40b6-973d-34f123f9adc6,8b4cd505-161f-4ee6-b2c6-42cc3efe0867,bfe23cdb-6637-4715-a60e-8e636b61efdc,1ce2bb73-490a-4978-a340-e8f9a9291196,
tch_20200710-165305_29,8333e1af-c2a1-11ea-af23-0242ac110002,std_1594380954038_29,class_20200710-165305_29,92ZC-4nDH,b1478fc2-67f7-4b66-94c0-e04ac43c763a,a90bc227-67f5-4f0f-92c6-c60972dac840,a5e1be97-1f2d-476c-8200-a36c6c986d29,33c74318-af17-4e1d-9407-edb09409a03d,020abfe9-0bbf-4e4e-8845-43fd8234a495,
tch_20200710-165305_19,8539eb91-c2a1-11ea-af23-0242ac110002,std_1594380957424_19,class_20200710-165305_19,6jD8-Q4g2,6daee11f-d008-4e73-8621-0731469e42d8,4326209e-af32-4bdf-a322-ef1a89cb4df3,e30a1225-7033-4a27-a198-7a8dcaa0db50,01f53de1-12a1-490b-96ff-ce218e4ec4d0,31fae2d7-9fec-4ae9-8edb-7bd8a38e168c,
tch_20200710-165305_31,87d7a00e-c2a1-11ea-acee-0242ac110002,std_1594380961825_31,class_20200710-165305_31,zkMd-3zhp,9ecb0bb9-67a9-45da-bc78-ada1f8cc3e6e,f681b8cd-5a51-4c7f-a3d6-ab96021642d0,54124ac9-f9cc-4019-8f7a-4b79ec77bcca,b267efa5-6189-4793-86bc-0f550612469e,082f748e-8c5c-4239-82ac-f3edd077bc65,
tch_20200710-165305_36,87374209-c2a1-11ea-89f8-0242ac110002,std_1594380960757_36,class_20200710-165305_36,TChs-ezKB,4c164e08-5280-4fc1-8ed9-2eb1e83a06b7,c3420a6c-1732-4d51-b21d-9aa9b241a820,465a2f92-e17d-4f22-8010-3fd133c9f89b,7028ce1f-c128-464b-836a-a6737518d3db,28aa0c11-8768-4696-956a-5210ac98b21b,
tch_20200710-165305_21,8878e992-c2a1-11ea-acee-0242ac110002,std_1594380962865_21,class_20200710-165305_21,TAtJ-3rk8,3efd06d2-6c80-4788-b3b1-55bbf9fb0678,72836052-9627-430e-b897-2a131b2492d0,58b1ea0c-d37f-435b-80c4-e02eb27c56fa,5a2e15d9-68ab-4255-91f2-34c608b4ecb7,c0b32516-ffda-4ccf-88bb-d96d2dd5d73b,
tch_20200710-165305_16,8b5c0c5e-c2a1-11ea-96b3-0242ac110002,std_1594380967720_16,class_20200710-165305_16,wCG9-J782,81525557-35d4-4052-b59c-dd7c4b8236bd,e4304c1c-3af3-4a93-9ed2-793abc90c1bf,685cadf8-cd4d-46eb-b7f3-af0823c15ba5,0eedb59d-9fe5-4c15-b09d-5815b7f1fd73,fd4674e8-2f19-48a6-92c6-30353c92a615,
tch_20200710-165305_37,89ca6f96-c2a1-11ea-af23-0242ac110002,std_1594380965048_37,class_20200710-165305_37,dE8N-6jyd,2e329516-357f-4130-808e-c7bacf1fe717,8cb410ae-5739-4f40-8beb-f641c367aa5b,3a8cf288-c4a1-4a2d-8173-53dd8bc21d88,6a06502a-256c-4336-a099-77126df3e1c5,81491b43-8f60-4366-a48d-569995b0a465,
tch_20200710-165305_30,8e12050f-c2a1-11ea-acee-0242ac110002,std_1594380972265_30,class_20200710-165305_30,6Wh6-s74C,826a4d01-9a60-490a-9b2d-2fa5e68ebef6,e1b2277f-8a96-4c25-9cd6-f799c0a951f6,f04dafde-0481-4745-891e-4f453b57239f,f498bb05-723e-4154-8a3a-dfe195f970af,d62153a1-9c1d-450c-95e9-30066bbbae5c,
tch_20200710-165305_27,8cd36a45-c2a1-11ea-acee-0242ac110002,std_1594380970158_27,class_20200710-165305_27,7LZ8-3mop,ea8af3fd-daed-447b-81e3-0e767a5d72ac,4bf0c141-84c1-4f36-95af-f51313746246,c30cf5c3-90b1-4652-a72e-43985eb794e1,c6b433b3-e424-4e87-a181-8244144e40ba,32a9c5f0-c570-48ab-ae3e-4c5994194e28,
tch_20200710-165305_17,8c453364-c2a1-11ea-96b3-0242ac110002,std_1594380969260_17,class_20200710-165305_17,j8Qv-8qd6,324f3748-6dd9-4f8b-9145-50521b62af36,0ff60808-1e2f-4cb6-816d-2970c6ff151a,84dcac30-a7b5-4905-9a0d-8938da7a7e30,23308204-2c7c-4e58-a173-879b9eeaeef0,155e84e6-5073-4a43-9cba-506a99343019,
tch_20200710-165305_18,8ca77855-c2a1-11ea-89f8-0242ac110002,std_1594380969880_18,class_20200710-165305_18,3wv7-QFn4,50e6aeed-6cd4-4f81-a697-43f7e33e2c62,a7ded0bd-f27d-4804-b823-e32b5f9dd4a3,f11bbe28-1cff-4e8d-8a41-b8ca220e73f5,6d39dfc2-ddec-4037-97b5-1cea2e1052ce,b2276a51-2617-43e6-ae5e-63fadfca85bb,
tch_20200710-165305_24,8cf3c2d2-c2a1-11ea-acee-0242ac110002,std_1594380970397_24,class_20200710-165305_24,3HVd-6XwL,b98f9936-ab27-42c3-bb8b-f401547f9bdc,7ff08143-a3f6-4d05-9308-4c31c0142e32,5b4cd1d8-df7a-4677-876d-6fb75b71880b,e22476e1-795a-4f39-8493-7cbdfc855e0d,63823786-79f3-4f98-a3df-216f544fc3ad,
tch_20200710-165305_35,8f5818f6-c2a1-11ea-89f8-0242ac110002,std_1594380974407_35,class_20200710-165305_35,Vz6W-7wRH,8ef4807f-67e1-4150-a2b5-4f273ddcdffe,d58e237e-066b-478e-bd53-b91eabf1ae50,49891d66-090e-4342-af90-d4199791f522,2a4039d4-4596-4635-a818-d3410d4adaaf,d4b92aa9-f447-4195-a31c-f6d214dabc1c,
tch_20200710-165305_26,8e788ec5-c2a1-11ea-96b3-0242ac110002,std_1594380972922_26,class_20200710-165305_26,PmjU-qzp9,c218b767-2aca-4670-beca-ff3ea98e597a,46f243ab-3899-42d7-b4ea-831e9db4d86b,a1cf7ccc-0f93-4f5a-ac98-84f66f284b12,514daeb2-16ee-4688-9aba-03ae4be9d563,f52a725c-3802-4924-b963-8e9b040e77ae,
tch_20200710-165305_23,8ef6e68e-c2a1-11ea-af23-0242ac110002,std_1594380973764_23,class_20200710-165305_23,widj-kAPy,4937406f-6a26-418c-9fbe-e06d8be0fb39,d0221a43-ff37-4b86-95f4-19e81eb18f65,b0f99f2e-9224-4956-bab0-3a2ab49ddf56,7dc76efd-8847-437d-bc17-ed5fb5462472,2268b16e-9bd6-47cd-9592-be17182cd16e,
tch_20200710-165305_28,8d5b5ee5-c2a1-11ea-96b3-0242ac110002,std_1594380971090_28,class_20200710-165305_28,u6zE-9H6e,c6703ab8-96a1-4bcd-8d95-022bdeda8e59,ce1698ec-724d-4206-aa68-e1dec146ce66,6b5f998b-8e9b-4f51-9287-c28cba3238c1,64cbc042-708e-4fd1-a424-a5e8a9afa04a,a77ffa29-ee99-44bb-a044-daa861e92f55,
tch_20200710-165305_39,91124bf9-c2a1-11ea-acee-0242ac110002,std_1594380974269_39,class_20200710-165305_39,4V8u-U6es,9d3bec6b-aa45-4329-bbf6-4226efb7445b,6221f441-aa7e-43dc-9593-1890bd65bef9,441c1a16-833a-4123-96e8-1a53d75c430c,1ec02326-53d3-4511-be0c-1fcfaee83a30,69092ba0-0576-4837-8789-8b658d11a410,
tch_20200710-165305_20,91382421-c2a1-11ea-96b3-0242ac110002,std_1594380977561_20,class_20200710-165305_20,NZbc-AXiY,ac363fd0-742c-4997-a0ee-cc578c061296,78d3f068-01f7-4b30-adfc-030b6a3c3d7d,5f5077f9-974a-42f7-a0ec-212c07811456,c0fba2f6-00b9-4850-be2f-cc987ced5c56,bd2c3d98-edfc-440d-801f-a7dc1e06cd0a,
tch_20200710-165305_34,9178af01-c2a1-11ea-96b3-0242ac110002,std_1594380977976_34,class_20200710-165305_34,V69H-nzTE,4e31a80d-8f34-4830-a1d0-6ed176d72c4c,3a030ed0-aae1-4308-886a-991a29551680,42606a56-2223-4b50-a774-d385385f25fd,299924b3-e030-4472-b44c-75d9585cee06,dbf365ae-8679-43a3-9108-898b2574f041,
tch_20200710-165305_22,91bcbcb6-c2a1-11ea-96b3-0242ac110002,std_1594380978407_22,class_20200710-165305_22,qaxr-xm6D,dcce6194-24d8-43cb-acc8-341e792fa9b0,04eadddb-b806-470f-a55e-dfa5f66e9ba2,b1e5d5d1-816f-4801-be82-83cd7f4b9938,2cd92b5a-0221-4ee6-ac03-188d50150580,cba75035-605f-4383-a5ab-7c1eba683150,
tch_20200710-165305_40,910d42dd-c2a1-11ea-89f8-0242ac110002,std_1594380976947_40,class_20200710-165305_40,rfZ7-TifY,40506043-8820-47a9-9c75-5120b44bf414,f94931b7-8076-4707-a38c-7366119fdba6,9a22f1c7-4494-491f-87ba-0475469842e1,61b63e28-be5a-426a-9a7b-27751c1e1980,ba3645ad-4499-4c68-ad00-13dafe240fb4,
tch_20200710-165305_19,931ee551-c2a1-11ea-af23-0242ac110002,std_1594380980732_19,class_20200710-165305_19,6jD8-Q4g2,6daee11f-d008-4e73-8621-0731469e42d8,4326209e-af32-4bdf-a322-ef1a89cb4df3,e30a1225-7033-4a27-a198-7a8dcaa0db50,01f53de1-12a1-490b-96ff-ce218e4ec4d0,31fae2d7-9fec-4ae9-8edb-7bd8a38e168c,
tch_20200710-165305_29,925f65bc-c2a1-11ea-acee-0242ac110002,std_1594380979466_29,class_20200710-165305_29,92ZC-4nDH,b1478fc2-67f7-4b66-94c0-e04ac43c763a,a90bc227-67f5-4f0f-92c6-c60972dac840,a5e1be97-1f2d-476c-8200-a36c6c986d29,33c74318-af17-4e1d-9407-edb09409a03d,020abfe9-0bbf-4e4e-8845-43fd8234a495,
tch_20200710-165305_31,936c41f8-c2a1-11ea-acee-0242ac110002,std_1594380981234_31,class_20200710-165305_31,zkMd-3zhp,9ecb0bb9-67a9-45da-bc78-ada1f8cc3e6e,f681b8cd-5a51-4c7f-a3d6-ab96021642d0,54124ac9-f9cc-4019-8f7a-4b79ec77bcca,b267efa5-6189-4793-86bc-0f550612469e,082f748e-8c5c-4239-82ac-f3edd077bc65,
tch_20200710-165305_32,91bda7b2-c2a1-11ea-89f8-0242ac110002,std_1594380978429_32,class_20200710-165305_32,6CVC-DguK,d0b86226-12a7-4e61-b20e-5b60561d5af1,098dfca6-c11a-45eb-b732-a48145178f56,06ced54b-c68b-4c8e-9e3e-87055916f173,cb4265a1-2ea6-4e73-bb16-38dd76dc6627,2052ca7b-7c3a-4444-a2fe-a14eef6a86f3,
tch_20200710-165305_33,916a2fc2-c2a1-11ea-89f8-0242ac110002,std_1594380974812_33,class_20200710-165305_33,n7Xr-v82b,fe423a1b-a07e-485e-8f76-5fcd5c07294d,7837089c-9dd8-40d7-bdfe-0606df4989f1,96238734-ca1b-4bca-ab7c-7d41e50d46c1,381b788e-79d0-4b4e-b94b-ebd7817a381c,9048d6e6-2c78-4fc8-bd56-5e93951e0073,
tch_20200710-165305_38,918d2136-c2a1-11ea-acee-0242ac110002,std_1594380978129_38,class_20200710-165305_38,gy7v-7GPE,7c9db882-eb40-44a5-9652-80c2338f65c2,ad7a2c6e-1689-40f6-93c0-b6f9ac3f0ec0,e143162c-4c2f-409e-9225-c95f9da4b9bf,d25f61eb-a1b0-41af-b49b-89111fdad7c6,6e59e28f-f1f3-408e-b51e-aa72489834e4,
tch_20200710-165305_25,91e7283e-c2a1-11ea-af23-0242ac110002,std_1594380978710_25,class_20200710-165305_25,g94A-sHQy,643c2825-dfef-4756-b25c-9d074ea5b448,55cab46a-b0f6-40b6-973d-34f123f9adc6,8b4cd505-161f-4ee6-b2c6-42cc3efe0867,bfe23cdb-6637-4715-a60e-8e636b61efdc,1ce2bb73-490a-4978-a340-e8f9a9291196,
tch_20200710-165305_36,93bf926b-c2a1-11ea-89f8-0242ac110002,std_1594380981796_36,class_20200710-165305_36,TChs-ezKB,4c164e08-5280-4fc1-8ed9-2eb1e83a06b7,c3420a6c-1732-4d51-b21d-9aa9b241a820,465a2f92-e17d-4f22-8010-3fd133c9f89b,7028ce1f-c128-464b-836a-a6737518d3db,28aa0c11-8768-4696-956a-5210ac98b21b,
tch_20200710-165305_21,9693728c-c2a1-11ea-89f8-0242ac110002,std_1594380986537_21,class_20200710-165305_21,TAtJ-3rk8,3efd06d2-6c80-4788-b3b1-55bbf9fb0678,72836052-9627-430e-b897-2a131b2492d0,58b1ea0c-d37f-435b-80c4-e02eb27c56fa,5a2e15d9-68ab-4255-91f2-34c608b4ecb7,c0b32516-ffda-4ccf-88bb-d96d2dd5d73b,
tch_20200710-165305_30,990d2501-c2a1-11ea-af23-0242ac110002,std_1594380990670_30,class_20200710-165305_30,6Wh6-s74C,826a4d01-9a60-490a-9b2d-2fa5e68ebef6,e1b2277f-8a96-4c25-9cd6-f799c0a951f6,f04dafde-0481-4745-891e-4f453b57239f,f498bb05-723e-4154-8a3a-dfe195f970af,d62153a1-9c1d-450c-95e9-30066bbbae5c,
tch_20200710-165305_26,9b62381e-c2a1-11ea-af23-0242ac110002,std_1594380994605_26,class_20200710-165305_26,PmjU-qzp9,c218b767-2aca-4670-beca-ff3ea98e597a,46f243ab-3899-42d7-b4ea-831e9db4d86b,a1cf7ccc-0f93-4f5a-ac98-84f66f284b12,514daeb2-16ee-4688-9aba-03ae4be9d563,f52a725c-3802-4924-b963-8e9b040e77ae,
tch_20200710-165305_41,99521d69-c2a1-11ea-89f8-0242ac110002,std_1594380990847_41,class_20200710-165305_41,h278-t8gr,b8983bc0-de42-40a0-a873-d58a75f10cc8,7e2a7d8c-2322-41bb-96a1-3cc4fea11f80,06592014-3005-4be7-9b11-603cb4d0ad4d,85c6d5a5-1d7a-4718-849f-6edda0a91c86,4fd853cc-822d-455f-ac85-f6b053fbfe36,
tch_20200710-165305_27,991d7863-c2a1-11ea-89f8-0242ac110002,std_1594380990769_27,class_20200710-165305_27,7LZ8-3mop,ea8af3fd-daed-447b-81e3-0e767a5d72ac,4bf0c141-84c1-4f36-95af-f51313746246,c30cf5c3-90b1-4652-a72e-43985eb794e1,c6b433b3-e424-4e87-a181-8244144e40ba,32a9c5f0-c570-48ab-ae3e-4c5994194e28,
tch_20200710-165305_37,982a6631-c2a1-11ea-89f8-0242ac110002,std_1594380989172_37,class_20200710-165305_37,dE8N-6jyd,2e329516-357f-4130-808e-c7bacf1fe717,8cb410ae-5739-4f40-8beb-f641c367aa5b,3a8cf288-c4a1-4a2d-8173-53dd8bc21d88,6a06502a-256c-4336-a099-77126df3e1c5,81491b43-8f60-4366-a48d-569995b0a465,
tch_20200710-165305_24,9a3f637a-c2a1-11ea-89f8-0242ac110002,std_1594380992693_24,class_20200710-165305_24,3HVd-6XwL,b98f9936-ab27-42c3-bb8b-f401547f9bdc,7ff08143-a3f6-4d05-9308-4c31c0142e32,5b4cd1d8-df7a-4677-876d-6fb75b71880b,e22476e1-795a-4f39-8493-7cbdfc855e0d,63823786-79f3-4f98-a3df-216f544fc3ad,
tch_20200710-165305_28,9b92be21-c2a1-11ea-89f8-0242ac110002,std_1594380994928_28,class_20200710-165305_28,u6zE-9H6e,c6703ab8-96a1-4bcd-8d95-022bdeda8e59,ce1698ec-724d-4206-aa68-e1dec146ce66,6b5f998b-8e9b-4f51-9287-c28cba3238c1,64cbc042-708e-4fd1-a424-a5e8a9afa04a,a77ffa29-ee99-44bb-a044-daa861e92f55,
tch_20200710-165305_18,99cfd84c-c2a1-11ea-96b3-0242ac110002,std_1594380991933_18,class_20200710-165305_18,3wv7-QFn4,50e6aeed-6cd4-4f81-a697-43f7e33e2c62,a7ded0bd-f27d-4804-b823-e32b5f9dd4a3,f11bbe28-1cff-4e8d-8a41-b8ca220e73f5,6d39dfc2-ddec-4037-97b5-1cea2e1052ce,b2276a51-2617-43e6-ae5e-63fadfca85bb,
tch_20200710-165305_35,9ab3f6b7-c2a1-11ea-89f8-0242ac110002,std_1594380993454_35,class_20200710-165305_35,Vz6W-7wRH,8ef4807f-67e1-4150-a2b5-4f273ddcdffe,d58e237e-066b-478e-bd53-b91eabf1ae50,49891d66-090e-4342-af90-d4199791f522,2a4039d4-4596-4635-a818-d3410d4adaaf,d4b92aa9-f447-4195-a31c-f6d214dabc1c,
tch_20200710-165305_23,9b7a2d2b-c2a1-11ea-af23-0242ac110002,std_1594380994768_23,class_20200710-165305_23,widj-kAPy,4937406f-6a26-418c-9fbe-e06d8be0fb39,d0221a43-ff37-4b86-95f4-19e81eb18f65,b0f99f2e-9224-4956-bab0-3a2ab49ddf56,7dc76efd-8847-437d-bc17-ed5fb5462472,2268b16e-9bd6-47cd-9592-be17182cd16e,
tch_20200710-165305_34,9e586e84-c2a1-11ea-acee-0242ac110002,std_1594380999513_34,class_20200710-165305_34,V69H-nzTE,4e31a80d-8f34-4830-a1d0-6ed176d72c4c,3a030ed0-aae1-4308-886a-991a29551680,42606a56-2223-4b50-a774-d385385f25fd,299924b3-e030-4472-b44c-75d9585cee06,dbf365ae-8679-43a3-9108-898b2574f041,
tch_20200710-165305_39,9c7b4a15-c2a1-11ea-acee-0242ac110002,std_1594380996433_39,class_20200710-165305_39,4V8u-U6es,9d3bec6b-aa45-4329-bbf6-4226efb7445b,6221f441-aa7e-43dc-9593-1890bd65bef9,441c1a16-833a-4123-96e8-1a53d75c430c,1ec02326-53d3-4511-be0c-1fcfaee83a30,69092ba0-0576-4837-8789-8b658d11a410,
tch_20200710-165305_20,9e44bf05-c2a1-11ea-96b3-0242ac110002,std_1594380999426_20,class_20200710-165305_20,NZbc-AXiY,ac363fd0-742c-4997-a0ee-cc578c061296,78d3f068-01f7-4b30-adfc-030b6a3c3d7d,5f5077f9-974a-42f7-a0ec-212c07811456,c0fba2f6-00b9-4850-be2f-cc987ced5c56,bd2c3d98-edfc-440d-801f-a7dc1e06cd0a,
tch_20200710-165305_22,9e96d71d-c2a1-11ea-96b3-0242ac110002,std_1594380999987_22,class_20200710-165305_22,qaxr-xm6D,dcce6194-24d8-43cb-acc8-341e792fa9b0,04eadddb-b806-470f-a55e-dfa5f66e9ba2,b1e5d5d1-816f-4801-be82-83cd7f4b9938,2cd92b5a-0221-4ee6-ac03-188d50150580,cba75035-605f-4383-a5ab-7c1eba683150,
tch_20200710-165305_38,a105b44e-c2a1-11ea-89f8-0242ac110002,std_1594381004052_38,class_20200710-165305_38,gy7v-7GPE,7c9db882-eb40-44a5-9652-80c2338f65c2,ad7a2c6e-1689-40f6-93c0-b6f9ac3f0ec0,e143162c-4c2f-409e-9225-c95f9da4b9bf,d25f61eb-a1b0-41af-b49b-89111fdad7c6,6e59e28f-f1f3-408e-b51e-aa72489834e4,
tch_20200710-165305_29,9fff4043-c2a1-11ea-89f8-0242ac110002,std_1594381002313_29,class_20200710-165305_29,92ZC-4nDH,b1478fc2-67f7-4b66-94c0-e04ac43c763a,a90bc227-67f5-4f0f-92c6-c60972dac840,a5e1be97-1f2d-476c-8200-a36c6c986d29,33c74318-af17-4e1d-9407-edb09409a03d,020abfe9-0bbf-4e4e-8845-43fd8234a495,
tch_20200710-165305_19,9f11371d-c2a1-11ea-96b3-0242ac110002,std_1594381000756_19,class_20200710-165305_19,6jD8-Q4g2,6daee11f-d008-4e73-8621-0731469e42d8,4326209e-af32-4bdf-a322-ef1a89cb4df3,e30a1225-7033-4a27-a198-7a8dcaa0db50,01f53de1-12a1-490b-96ff-ce218e4ec4d0,31fae2d7-9fec-4ae9-8edb-7bd8a38e168c,
tch_20200710-165305_31,a0849cef-c2a1-11ea-96b3-0242ac110002,std_1594381003228_31,class_20200710-165305_31,zkMd-3zhp,9ecb0bb9-67a9-45da-bc78-ada1f8cc3e6e,f681b8cd-5a51-4c7f-a3d6-ab96021642d0,54124ac9-f9cc-4019-8f7a-4b79ec77bcca,b267efa5-6189-4793-86bc-0f550612469e,082f748e-8c5c-4239-82ac-f3edd077bc65,
tch_20200710-165305_40,9ef2643d-c2a1-11ea-96b3-0242ac110002,std_1594381000560_40,class_20200710-165305_40,rfZ7-TifY,40506043-8820-47a9-9c75-5120b44bf414,f94931b7-8076-4707-a38c-7366119fdba6,9a22f1c7-4494-491f-87ba-0475469842e1,61b63e28-be5a-426a-9a7b-27751c1e1980,ba3645ad-4499-4c68-ad00-13dafe240fb4,
tch_20200710-165305_32,a0b98fe9-c2a1-11ea-af23-0242ac110002,std_1594381003583_32,class_20200710-165305_32,6CVC-DguK,d0b86226-12a7-4e61-b20e-5b60561d5af1,098dfca6-c11a-45eb-b732-a48145178f56,06ced54b-c68b-4c8e-9e3e-87055916f173,cb4265a1-2ea6-4e73-bb16-38dd76dc6627,2052ca7b-7c3a-4444-a2fe-a14eef6a86f3,
tch_20200710-165305_33,a0bd398d-c2a1-11ea-af23-0242ac110002,std_1594381003597_33,class_20200710-165305_33,n7Xr-v82b,fe423a1b-a07e-485e-8f76-5fcd5c07294d,7837089c-9dd8-40d7-bdfe-0606df4989f1,96238734-ca1b-4bca-ab7c-7d41e50d46c1,381b788e-79d0-4b4e-b94b-ebd7817a381c,9048d6e6-2c78-4fc8-bd56-5e93951e0073,
tch_20200710-165305_25,a144b839-c2a1-11ea-af23-0242ac110002,std_1594381004494_25,class_20200710-165305_25,g94A-sHQy,643c2825-dfef-4756-b25c-9d074ea5b448,55cab46a-b0f6-40b6-973d-34f123f9adc6,8b4cd505-161f-4ee6-b2c6-42cc3efe0867,bfe23cdb-6637-4715-a60e-8e636b61efdc,1ce2bb73-490a-4978-a340-e8f9a9291196,
tch_20200710-165305_36,a2645903-c2a1-11ea-89f8-0242ac110002,std_1594381006353_36,class_20200710-165305_36,TChs-ezKB,4c164e08-5280-4fc1-8ed9-2eb1e83a06b7,c3420a6c-1732-4d51-b21d-9aa9b241a820,465a2f92-e17d-4f22-8010-3fd133c9f89b,7028ce1f-c128-464b-836a-a6737518d3db,28aa0c11-8768-4696-956a-5210ac98b21b,
tch_20200710-165305_42,a2a8193a-c2a1-11ea-acee-0242ac110002,std_1594381006513_42,class_20200710-165305_42,LQ23-wQZY,0239bea9-22bf-4462-9192-393b5e2e5ecc,2c78541b-792e-48d3-861b-e5eedd019d0e,2951b501-c7e9-4a0a-84a1-a98d522422ef,a9af7fcf-058a-4973-940c-08580ade9438,0c4ae136-91f6-4e30-91ec-a7b430579909,
tch_20200710-165305_26,a665e4c2-c2a1-11ea-acee-0242ac110002,std_1594381013079_26,class_20200710-165305_26,PmjU-qzp9,c218b767-2aca-4670-beca-ff3ea98e597a,46f243ab-3899-42d7-b4ea-831e9db4d86b,a1cf7ccc-0f93-4f5a-ac98-84f66f284b12,514daeb2-16ee-4688-9aba-03ae4be9d563,f52a725c-3802-4924-b963-8e9b040e77ae,
tch_20200710-165305_21,a4e07d11-c2a1-11ea-96b3-0242ac110002,std_1594381010522_21,class_20200710-165305_21,TAtJ-3rk8,3efd06d2-6c80-4788-b3b1-55bbf9fb0678,72836052-9627-430e-b897-2a131b2492d0,58b1ea0c-d37f-435b-80c4-e02eb27c56fa,5a2e15d9-68ab-4255-91f2-34c608b4ecb7,c0b32516-ffda-4ccf-88bb-d96d2dd5d73b,
tch_20200710-165305_30,a5b02955-c2a1-11ea-af23-0242ac110002,std_1594381011901_30,class_20200710-165305_30,6Wh6-s74C,826a4d01-9a60-490a-9b2d-2fa5e68ebef6,e1b2277f-8a96-4c25-9cd6-f799c0a951f6,f04dafde-0481-4745-891e-4f453b57239f,f498bb05-723e-4154-8a3a-dfe195f970af,d62153a1-9c1d-450c-95e9-30066bbbae5c,
tch_20200710-165305_37,a70f6b64-c2a1-11ea-acee-0242ac110002,std_1594381014181_37,class_20200710-165305_37,dE8N-6jyd,2e329516-357f-4130-808e-c7bacf1fe717,8cb410ae-5739-4f40-8beb-f641c367aa5b,3a8cf288-c4a1-4a2d-8173-53dd8bc21d88,6a06502a-256c-4336-a099-77126df3e1c5,81491b43-8f60-4366-a48d-569995b0a465,
tch_20200710-165305_24,a7d5ef51-c2a1-11ea-96b3-0242ac110002,std_1594381015494_24,class_20200710-165305_24,3HVd-6XwL,b98f9936-ab27-42c3-bb8b-f401547f9bdc,7ff08143-a3f6-4d05-9308-4c31c0142e32,5b4cd1d8-df7a-4677-876d-6fb75b71880b,e22476e1-795a-4f39-8493-7cbdfc855e0d,63823786-79f3-4f98-a3df-216f544fc3ad,
tch_20200710-165305_28,a8e870fc-c2a1-11ea-af23-0242ac110002,std_1594381017296_28,class_20200710-165305_28,u6zE-9H6e,c6703ab8-96a1-4bcd-8d95-022bdeda8e59,ce1698ec-724d-4206-aa68-e1dec146ce66,6b5f998b-8e9b-4f51-9287-c28cba3238c1,64cbc042-708e-4fd1-a424-a5e8a9afa04a,a77ffa29-ee99-44bb-a044-daa861e92f55,
tch_20200710-165305_35,a94759ba-c2a1-11ea-acee-0242ac110002,std_1594381017920_35,class_20200710-165305_35,Vz6W-7wRH,8ef4807f-67e1-4150-a2b5-4f273ddcdffe,d58e237e-066b-478e-bd53-b91eabf1ae50,49891d66-090e-4342-af90-d4199791f522,2a4039d4-4596-4635-a818-d3410d4adaaf,d4b92aa9-f447-4195-a31c-f6d214dabc1c,
tch_20200710-165305_41,a69b9aea-c2a1-11ea-af23-0242ac110002,std_1594381013370_41,class_20200710-165305_41,h278-t8gr,b8983bc0-de42-40a0-a873-d58a75f10cc8,7e2a7d8c-2322-41bb-96a1-3cc4fea11f80,06592014-3005-4be7-9b11-603cb4d0ad4d,85c6d5a5-1d7a-4718-849f-6edda0a91c86,4fd853cc-822d-455f-ac85-f6b053fbfe36,
tch_20200710-165305_27,a6cb35f7-c2a1-11ea-96b3-0242ac110002,std_1594381013734_27,class_20200710-165305_27,7LZ8-3mop,ea8af3fd-daed-447b-81e3-0e767a5d72ac,4bf0c141-84c1-4f36-95af-f51313746246,c30cf5c3-90b1-4652-a72e-43985eb794e1,c6b433b3-e424-4e87-a181-8244144e40ba,32a9c5f0-c570-48ab-ae3e-4c5994194e28,
tch_20200710-165305_34,aa183e93-c2a1-11ea-af23-0242ac110002,std_1594381019284_34,class_20200710-165305_34,V69H-nzTE,4e31a80d-8f34-4830-a1d0-6ed176d72c4c,3a030ed0-aae1-4308-886a-991a29551680,42606a56-2223-4b50-a774-d385385f25fd,299924b3-e030-4472-b44c-75d9585cee06,dbf365ae-8679-43a3-9108-898b2574f041,
tch_20200710-165305_39,aa59daee-c2a1-11ea-89f8-0242ac110002,std_1594381019723_39,class_20200710-165305_39,4V8u-U6es,9d3bec6b-aa45-4329-bbf6-4226efb7445b,6221f441-aa7e-43dc-9593-1890bd65bef9,441c1a16-833a-4123-96e8-1a53d75c430c,1ec02326-53d3-4511-be0c-1fcfaee83a30,69092ba0-0576-4837-8789-8b658d11a410,
tch_20200710-165305_23,aa1a1261-c2a1-11ea-af23-0242ac110002,std_1594381019210_23,class_20200710-165305_23,widj-kAPy,4937406f-6a26-418c-9fbe-e06d8be0fb39,d0221a43-ff37-4b86-95f4-19e81eb18f65,b0f99f2e-9224-4956-bab0-3a2ab49ddf56,7dc76efd-8847-437d-bc17-ed5fb5462472,2268b16e-9bd6-47cd-9592-be17182cd16e,
tch_20200710-165305_38,aced2fdd-c2a1-11ea-89f8-0242ac110002,std_1594381024026_38,class_20200710-165305_38,gy7v-7GPE,7c9db882-eb40-44a5-9652-80c2338f65c2,ad7a2c6e-1689-40f6-93c0-b6f9ac3f0ec0,e143162c-4c2f-409e-9225-c95f9da4b9bf,d25f61eb-a1b0-41af-b49b-89111fdad7c6,6e59e28f-f1f3-408e-b51e-aa72489834e4,
tch_20200710-165305_31,ad9ea602-c2a1-11ea-96b3-0242ac110002,std_1594381025219_31,class_20200710-165305_31,zkMd-3zhp,9ecb0bb9-67a9-45da-bc78-ada1f8cc3e6e,f681b8cd-5a51-4c7f-a3d6-ab96021642d0,54124ac9-f9cc-4019-8f7a-4b79ec77bcca,b267efa5-6189-4793-86bc-0f550612469e,082f748e-8c5c-4239-82ac-f3edd077bc65,
tch_20200710-165305_20,abd24a6f-c2a1-11ea-96b3-0242ac110002,std_1594381022150_20,class_20200710-165305_20,NZbc-AXiY,ac363fd0-742c-4997-a0ee-cc578c061296,78d3f068-01f7-4b30-adfc-030b6a3c3d7d,5f5077f9-974a-42f7-a0ec-212c07811456,c0fba2f6-00b9-4850-be2f-cc987ced5c56,bd2c3d98-edfc-440d-801f-a7dc1e06cd0a,
tch_20200710-165305_43,ab111cda-c2a1-11ea-acee-0242ac110002,std_1594381020590_43,class_20200710-165305_43,768F-7H2o,b04cbe99-4f99-4093-b830-9eafdc45bc9e,f40caa7e-dbae-435b-9294-55b8b80478b5,8a9f9c0e-7009-41ff-82da-7f2edcc84a05,43771258-ab3f-453e-adec-4c973e6b4050,8ca9a3fd-e685-41fd-b2a2-37ec483249ef,
tch_20200710-165305_22,abda12d3-c2a1-11ea-96b3-0242ac110002,std_1594381022224_22,class_20200710-165305_22,qaxr-xm6D,dcce6194-24d8-43cb-acc8-341e792fa9b0,04eadddb-b806-470f-a55e-dfa5f66e9ba2,b1e5d5d1-816f-4801-be82-83cd7f4b9938,2cd92b5a-0221-4ee6-ac03-188d50150580,cba75035-605f-4383-a5ab-7c1eba683150,
tch_20200710-165305_19,ad90ea11-c2a1-11ea-96b3-0242ac110002,std_1594381025115_19,class_20200710-165305_19,6jD8-Q4g2,6daee11f-d008-4e73-8621-0731469e42d8,4326209e-af32-4bdf-a322-ef1a89cb4df3,e30a1225-7033-4a27-a198-7a8dcaa0db50,01f53de1-12a1-490b-96ff-ce218e4ec4d0,31fae2d7-9fec-4ae9-8edb-7bd8a38e168c,
tch_20200710-165305_25,b086aaa6-c2a1-11ea-89f8-0242ac110002,std_1594381030072_25,class_20200710-165305_25,g94A-sHQy,643c2825-dfef-4756-b25c-9d074ea5b448,55cab46a-b0f6-40b6-973d-34f123f9adc6,8b4cd505-161f-4ee6-b2c6-42cc3efe0867,bfe23cdb-6637-4715-a60e-8e636b61efdc,1ce2bb73-490a-4978-a340-e8f9a9291196,
tch_20200710-165305_32,ae88de49-c2a1-11ea-96b3-0242ac110002,std_1594381026748_32,class_20200710-165305_32,6CVC-DguK,d0b86226-12a7-4e61-b20e-5b60561d5af1,098dfca6-c11a-45eb-b732-a48145178f56,06ced54b-c68b-4c8e-9e3e-87055916f173,cb4265a1-2ea6-4e73-bb16-38dd76dc6627,2052ca7b-7c3a-4444-a2fe-a14eef6a86f3,
tch_20200710-165305_29,ad8bba42-c2a1-11ea-af23-0242ac110002,std_1594381025076_29,class_20200710-165305_29,92ZC-4nDH,b1478fc2-67f7-4b66-94c0-e04ac43c763a,a90bc227-67f5-4f0f-92c6-c60972dac840,a5e1be97-1f2d-476c-8200-a36c6c986d29,33c74318-af17-4e1d-9407-edb09409a03d,020abfe9-0bbf-4e4e-8845-43fd8234a495,
tch_20200710-165305_33,af6227f0-c2a1-11ea-96b3-0242ac110002,std_1594381028155_33,class_20200710-165305_33,n7Xr-v82b,fe423a1b-a07e-485e-8f76-5fcd5c07294d,7837089c-9dd8-40d7-bdfe-0606df4989f1,96238734-ca1b-4bca-ab7c-7d41e50d46c1,381b788e-79d0-4b4e-b94b-ebd7817a381c,9048d6e6-2c78-4fc8-bd56-5e93951e0073,
tch_20200710-165305_40,adc6ee0e-c2a1-11ea-96b3-0242ac110002,std_1594381025470_40,class_20200710-165305_40,rfZ7-TifY,40506043-8820-47a9-9c75-5120b44bf414,f94931b7-8076-4707-a38c-7366119fdba6,9a22f1c7-4494-491f-87ba-0475469842e1,61b63e28-be5a-426a-9a7b-27751c1e1980,ba3645ad-4499-4c68-ad00-13dafe240fb4,
tch_20200710-165305_30,b2e44a10-c2a1-11ea-acee-0242ac110002,std_1594381034045_30,class_20200710-165305_30,6Wh6-s74C,826a4d01-9a60-490a-9b2d-2fa5e68ebef6,e1b2277f-8a96-4c25-9cd6-f799c0a951f6,f04dafde-0481-4745-891e-4f453b57239f,f498bb05-723e-4154-8a3a-dfe195f970af,d62153a1-9c1d-450c-95e9-30066bbbae5c,
tch_20200710-165305_36,b0e82b1e-c2a1-11ea-89f8-0242ac110002,std_1594381030723_36,class_20200710-165305_36,TChs-ezKB,4c164e08-5280-4fc1-8ed9-2eb1e83a06b7,c3420a6c-1732-4d51-b21d-9aa9b241a820,465a2f92-e17d-4f22-8010-3fd133c9f89b,7028ce1f-c128-464b-836a-a6737518d3db,28aa0c11-8768-4696-956a-5210ac98b21b,
tch_20200710-165305_42,b23851a1-c2a1-11ea-89f8-0242ac110002,std_1594381032916_42,class_20200710-165305_42,LQ23-wQZY,0239bea9-22bf-4462-9192-393b5e2e5ecc,2c78541b-792e-48d3-861b-e5eedd019d0e,2951b501-c7e9-4a0a-84a1-a98d522422ef,a9af7fcf-058a-4973-940c-08580ade9438,0c4ae136-91f6-4e30-91ec-a7b430579909,
tch_20200710-165305_21,b2e44a0d-c2a1-11ea-acee-0242ac110002,std_1594381034031_21,class_20200710-165305_21,TAtJ-3rk8,3efd06d2-6c80-4788-b3b1-55bbf9fb0678,72836052-9627-430e-b897-2a131b2492d0,58b1ea0c-d37f-435b-80c4-e02eb27c56fa,5a2e15d9-68ab-4255-91f2-34c608b4ecb7,c0b32516-ffda-4ccf-88bb-d96d2dd5d73b,
tch_20200710-165305_24,b4beaf45-c2a1-11ea-af23-0242ac110002,std_1594381037156_24,class_20200710-165305_24,3HVd-6XwL,b98f9936-ab27-42c3-bb8b-f401547f9bdc,7ff08143-a3f6-4d05-9308-4c31c0142e32,5b4cd1d8-df7a-4677-876d-6fb75b71880b,e22476e1-795a-4f39-8493-7cbdfc855e0d,63823786-79f3-4f98-a3df-216f544fc3ad,
tch_20200710-165305_26,b28316c0-c2a1-11ea-acee-0242ac110002,std_1594381033428_26,class_20200710-165305_26,PmjU-qzp9,c218b767-2aca-4670-beca-ff3ea98e597a,46f243ab-3899-42d7-b4ea-831e9db4d86b,a1cf7ccc-0f93-4f5a-ac98-84f66f284b12,514daeb2-16ee-4688-9aba-03ae4be9d563,f52a725c-3802-4924-b963-8e9b040e77ae,
tch_20200710-165305_27,b60d767e-c2a1-11ea-89f8-0242ac110002,std_1594381039363_27,class_20200710-165305_27,7LZ8-3mop,ea8af3fd-daed-447b-81e3-0e767a5d72ac,4bf0c141-84c1-4f36-95af-f51313746246,c30cf5c3-90b1-4652-a72e-43985eb794e1,c6b433b3-e424-4e87-a181-8244144e40ba,32a9c5f0-c570-48ab-ae3e-4c5994194e28,
tch_20200710-165305_41,b54432e6-c2a1-11ea-af23-0242ac110002,std_1594381038016_41,class_20200710-165305_41,h278-t8gr,b8983bc0-de42-40a0-a873-d58a75f10cc8,7e2a7d8c-2322-41bb-96a1-3cc4fea11f80,06592014-3005-4be7-9b11-603cb4d0ad4d,85c6d5a5-1d7a-4718-849f-6edda0a91c86,4fd853cc-822d-455f-ac85-f6b053fbfe36,
tch_20200710-165305_35,b4e0b604-c2a1-11ea-89f8-0242ac110002,std_1594381037371_35,class_20200710-165305_35,Vz6W-7wRH,8ef4807f-67e1-4150-a2b5-4f273ddcdffe,d58e237e-066b-478e-bd53-b91eabf1ae50,49891d66-090e-4342-af90-d4199791f522,2a4039d4-4596-4635-a818-d3410d4adaaf,d4b92aa9-f447-4195-a31c-f6d214dabc1c,
tch_20200710-165305_28,b4c7d6cb-c2a1-11ea-acee-0242ac110002,std_1594381037226_28,class_20200710-165305_28,u6zE-9H6e,c6703ab8-96a1-4bcd-8d95-022bdeda8e59,ce1698ec-724d-4206-aa68-e1dec146ce66,6b5f998b-8e9b-4f51-9287-c28cba3238c1,64cbc042-708e-4fd1-a424-a5e8a9afa04a,a77ffa29-ee99-44bb-a044-daa861e92f55,
tch_20200710-165305_37,b4355b02-c2a1-11ea-89f8-0242ac110002,std_1594381036259_37,class_20200710-165305_37,dE8N-6jyd,2e329516-357f-4130-808e-c7bacf1fe717,8cb410ae-5739-4f40-8beb-f641c367aa5b,3a8cf288-c4a1-4a2d-8173-53dd8bc21d88,6a06502a-256c-4336-a099-77126df3e1c5,81491b43-8f60-4366-a48d-569995b0a465,
tch_20200710-165305_34,b622abb6-c2a1-11ea-af23-0242ac110002,std_1594381039477_34,class_20200710-165305_34,V69H-nzTE,4e31a80d-8f34-4830-a1d0-6ed176d72c4c,3a030ed0-aae1-4308-886a-991a29551680,42606a56-2223-4b50-a774-d385385f25fd,299924b3-e030-4472-b44c-75d9585cee06,dbf365ae-8679-43a3-9108-898b2574f041,
tch_20200710-165305_23,b856060c-c2a1-11ea-acee-0242ac110002,std_1594381043185_23,class_20200710-165305_23,widj-kAPy,4937406f-6a26-418c-9fbe-e06d8be0fb39,d0221a43-ff37-4b86-95f4-19e81eb18f65,b0f99f2e-9224-4956-bab0-3a2ab49ddf56,7dc76efd-8847-437d-bc17-ed5fb5462472,2268b16e-9bd6-47cd-9592-be17182cd16e,
tch_20200710-165305_39,b71e49fc-c2a1-11ea-acee-0242ac110002,std_1594381041130_39,class_20200710-165305_39,4V8u-U6es,9d3bec6b-aa45-4329-bbf6-4226efb7445b,6221f441-aa7e-43dc-9593-1890bd65bef9,441c1a16-833a-4123-96e8-1a53d75c430c,1ec02326-53d3-4511-be0c-1fcfaee83a30,69092ba0-0576-4837-8789-8b658d11a410,
tch_20200710-165305_38,b95092a5-c2a1-11ea-af23-0242ac110002,std_1594381044826_38,class_20200710-165305_38,gy7v-7GPE,7c9db882-eb40-44a5-9652-80c2338f65c2,ad7a2c6e-1689-40f6-93c0-b6f9ac3f0ec0,e143162c-4c2f-409e-9225-c95f9da4b9bf,d25f61eb-a1b0-41af-b49b-89111fdad7c6,6e59e28f-f1f3-408e-b51e-aa72489834e4,
tch_20200710-165305_44,b7cd9ca2-c2a1-11ea-acee-0242ac110002,std_1594381042013_44,class_20200710-165305_44,V3GB-9NkZ,1a92fee8-9ca6-48cb-bd0c-aeac83c5679d,c7fe462a-569e-467c-b93a-0807be168973,36626162-e6ee-4081-bc31-a70b50848fbd,c516bfbe-6366-4ce9-a13e-ea927c3b1a55,efc44269-e27b-4837-bbbe-ac2c0189c9e4,
tch_20200710-165305_31,b9554d84-c2a1-11ea-96b3-0242ac110002,std_1594381044868_31,class_20200710-165305_31,zkMd-3zhp,9ecb0bb9-67a9-45da-bc78-ada1f8cc3e6e,f681b8cd-5a51-4c7f-a3d6-ab96021642d0,54124ac9-f9cc-4019-8f7a-4b79ec77bcca,b267efa5-6189-4793-86bc-0f550612469e,082f748e-8c5c-4239-82ac-f3edd077bc65,
tch_20200710-165305_22,bae05ad4-c2a1-11ea-96b3-0242ac110002,std_1594381047440_22,class_20200710-165305_22,qaxr-xm6D,dcce6194-24d8-43cb-acc8-341e792fa9b0,04eadddb-b806-470f-a55e-dfa5f66e9ba2,b1e5d5d1-816f-4801-be82-83cd7f4b9938,2cd92b5a-0221-4ee6-ac03-188d50150580,cba75035-605f-4383-a5ab-7c1eba683150,
tch_20200710-165305_20,b974e46e-c2a1-11ea-89f8-0242ac110002,std_1594381045054_20,class_20200710-165305_20,NZbc-AXiY,ac363fd0-742c-4997-a0ee-cc578c061296,78d3f068-01f7-4b30-adfc-030b6a3c3d7d,5f5077f9-974a-42f7-a0ec-212c07811456,c0fba2f6-00b9-4850-be2f-cc987ced5c56,bd2c3d98-edfc-440d-801f-a7dc1e06cd0a,
tch_20200710-165305_32,bbfe26f0-c2a1-11ea-96b3-0242ac110002,std_1594381049320_32,class_20200710-165305_32,6CVC-DguK,d0b86226-12a7-4e61-b20e-5b60561d5af1,098dfca6-c11a-45eb-b732-a48145178f56,06ced54b-c68b-4c8e-9e3e-87055916f173,cb4265a1-2ea6-4e73-bb16-38dd76dc6627,2052ca7b-7c3a-4444-a2fe-a14eef6a86f3,
tch_20200710-165305_43,bad4c1a4-c2a1-11ea-89f8-0242ac110002,std_1594381047368_43,class_20200710-165305_43,768F-7H2o,b04cbe99-4f99-4093-b830-9eafdc45bc9e,f40caa7e-dbae-435b-9294-55b8b80478b5,8a9f9c0e-7009-41ff-82da-7f2edcc84a05,43771258-ab3f-453e-adec-4c973e6b4050,8ca9a3fd-e685-41fd-b2a2-37ec483249ef,
tch_20200710-165305_29,bc96bcef-c2a1-11ea-acee-0242ac110002,std_1594381050264_29,class_20200710-165305_29,92ZC-4nDH,b1478fc2-67f7-4b66-94c0-e04ac43c763a,a90bc227-67f5-4f0f-92c6-c60972dac840,a5e1be97-1f2d-476c-8200-a36c6c986d29,33c74318-af17-4e1d-9407-edb09409a03d,020abfe9-0bbf-4e4e-8845-43fd8234a495,
tch_20200710-165305_33,bdadd2e9-c2a1-11ea-acee-0242ac110002,std_1594381052141_33,class_20200710-165305_33,n7Xr-v82b,fe423a1b-a07e-485e-8f76-5fcd5c07294d,7837089c-9dd8-40d7-bdfe-0606df4989f1,96238734-ca1b-4bca-ab7c-7d41e50d46c1,381b788e-79d0-4b4e-b94b-ebd7817a381c,9048d6e6-2c78-4fc8-bd56-5e93951e0073,
tch_20200710-165305_25,bbd4f38a-c2a1-11ea-af23-0242ac110002,std_1594381049035_25,class_20200710-165305_25,g94A-sHQy,643c2825-dfef-4756-b25c-9d074ea5b448,55cab46a-b0f6-40b6-973d-34f123f9adc6,8b4cd505-161f-4ee6-b2c6-42cc3efe0867,bfe23cdb-6637-4715-a60e-8e636b61efdc,1ce2bb73-490a-4978-a340-e8f9a9291196,
tch_20200710-165305_30,beeabf1a-c2a1-11ea-96b3-0242ac110002,std_1594381054180_30,class_20200710-165305_30,6Wh6-s74C,826a4d01-9a60-490a-9b2d-2fa5e68ebef6,e1b2277f-8a96-4c25-9cd6-f799c0a951f6,f04dafde-0481-4745-891e-4f453b57239f,f498bb05-723e-4154-8a3a-dfe195f970af,d62153a1-9c1d-450c-95e9-30066bbbae5c,
tch_20200710-165305_42,c0009c5e-c2a1-11ea-acee-0242ac110002,std_1594381056024_42,class_20200710-165305_42,LQ23-wQZY,0239bea9-22bf-4462-9192-393b5e2e5ecc,2c78541b-792e-48d3-861b-e5eedd019d0e,2951b501-c7e9-4a0a-84a1-a98d522422ef,a9af7fcf-058a-4973-940c-08580ade9438,0c4ae136-91f6-4e30-91ec-a7b430579909,
tch_20200710-165305_36,befb1331-c2a1-11ea-89f8-0242ac110002,std_1594381054323_36,class_20200710-165305_36,TChs-ezKB,4c164e08-5280-4fc1-8ed9-2eb1e83a06b7,c3420a6c-1732-4d51-b21d-9aa9b241a820,465a2f92-e17d-4f22-8010-3fd133c9f89b,7028ce1f-c128-464b-836a-a6737518d3db,28aa0c11-8768-4696-956a-5210ac98b21b,
tch_20200710-165305_27,c1a10576-c2a1-11ea-acee-0242ac110002,std_1594381058759_27,class_20200710-165305_27,7LZ8-3mop,ea8af3fd-daed-447b-81e3-0e767a5d72ac,4bf0c141-84c1-4f36-95af-f51313746246,c30cf5c3-90b1-4652-a72e-43985eb794e1,c6b433b3-e424-4e87-a181-8244144e40ba,32a9c5f0-c570-48ab-ae3e-4c5994194e28,
tch_20200710-165305_40,be0604b8-c2a1-11ea-96b3-0242ac110002,std_1594381052719_40,class_20200710-165305_40,rfZ7-TifY,40506043-8820-47a9-9c75-5120b44bf414,f94931b7-8076-4707-a38c-7366119fdba6,9a22f1c7-4494-491f-87ba-0475469842e1,61b63e28-be5a-426a-9a7b-27751c1e1980,ba3645ad-4499-4c68-ad00-13dafe240fb4,
tch_20200710-165305_26,c17e899d-c2a1-11ea-89f8-0242ac110002,std_1594381058525_26,class_20200710-165305_26,PmjU-qzp9,c218b767-2aca-4670-beca-ff3ea98e597a,46f243ab-3899-42d7-b4ea-831e9db4d86b,a1cf7ccc-0f93-4f5a-ac98-84f66f284b12,514daeb2-16ee-4688-9aba-03ae4be9d563,f52a725c-3802-4924-b963-8e9b040e77ae,
tch_20200710-165305_21,c077ef1f-c2a1-11ea-96b3-0242ac110002,std_1594381056821_21,class_20200710-165305_21,TAtJ-3rk8,3efd06d2-6c80-4788-b3b1-55bbf9fb0678,72836052-9627-430e-b897-2a131b2492d0,58b1ea0c-d37f-435b-80c4-e02eb27c56fa,5a2e15d9-68ab-4255-91f2-34c608b4ecb7,c0b32516-ffda-4ccf-88bb-d96d2dd5d73b,
tch_20200710-165305_35,c27b3953-c2a1-11ea-89f8-0242ac110002,std_1594381060201_35,class_20200710-165305_35,Vz6W-7wRH,8ef4807f-67e1-4150-a2b5-4f273ddcdffe,d58e237e-066b-478e-bd53-b91eabf1ae50,49891d66-090e-4342-af90-d4199791f522,2a4039d4-4596-4635-a818-d3410d4adaaf,d4b92aa9-f447-4195-a31c-f6d214dabc1c,
tch_20200710-165305_24,c1323e15-c2a1-11ea-96b3-0242ac110002,std_1594381058069_24,class_20200710-165305_24,3HVd-6XwL,b98f9936-ab27-42c3-bb8b-f401547f9bdc,7ff08143-a3f6-4d05-9308-4c31c0142e32,5b4cd1d8-df7a-4677-876d-6fb75b71880b,e22476e1-795a-4f39-8493-7cbdfc855e0d,63823786-79f3-4f98-a3df-216f544fc3ad,
tch_20200710-165305_28,c37d3f7d-c2a1-11ea-acee-0242ac110002,std_1594381061884_28,class_20200710-165305_28,u6zE-9H6e,c6703ab8-96a1-4bcd-8d95-022bdeda8e59,ce1698ec-724d-4206-aa68-e1dec146ce66,6b5f998b-8e9b-4f51-9287-c28cba3238c1,64cbc042-708e-4fd1-a424-a5e8a9afa04a,a77ffa29-ee99-44bb-a044-daa861e92f55,
tch_20200710-165305_41,c1cdbb2f-c2a1-11ea-acee-0242ac110002,std_1594381059068_41,class_20200710-165305_41,h278-t8gr,b8983bc0-de42-40a0-a873-d58a75f10cc8,7e2a7d8c-2322-41bb-96a1-3cc4fea11f80,06592014-3005-4be7-9b11-603cb4d0ad4d,85c6d5a5-1d7a-4718-849f-6edda0a91c86,4fd853cc-822d-455f-ac85-f6b053fbfe36,
tch_20200710-165305_37,c4406937-c2a1-11ea-acee-0242ac110002,std_1594381063167_37,class_20200710-165305_37,dE8N-6jyd,2e329516-357f-4130-808e-c7bacf1fe717,8cb410ae-5739-4f40-8beb-f641c367aa5b,3a8cf288-c4a1-4a2d-8173-53dd8bc21d88,6a06502a-256c-4336-a099-77126df3e1c5,81491b43-8f60-4366-a48d-569995b0a465,
tch_20200710-165305_45,c2aafc33-c2a1-11ea-96b3-0242ac110002,std_1594381060231_45,class_20200710-165305_45,jhaP-iAb3,c6988106-4db2-4724-8e5e-cac94d21ddc3,d9c157f7-1529-4233-98a7-44edec18ab3a,dd11dd0a-c321-47af-9cc9-3e0be7091b12,1019329f-acd5-480e-b3eb-0d2b28292952,09221674-8465-454b-9a09-8ce31e64897f,
tch_20200710-165305_38,c5ee1877-c2a1-11ea-89f8-0242ac110002,std_1594381065986_38,class_20200710-165305_38,gy7v-7GPE,7c9db882-eb40-44a5-9652-80c2338f65c2,ad7a2c6e-1689-40f6-93c0-b6f9ac3f0ec0,e143162c-4c2f-409e-9225-c95f9da4b9bf,d25f61eb-a1b0-41af-b49b-89111fdad7c6,6e59e28f-f1f3-408e-b51e-aa72489834e4,
tch_20200710-165305_44,c633fbcc-c2a1-11ea-af23-0242ac110002,std_1594381066440_44,class_20200710-165305_44,V3GB-9NkZ,1a92fee8-9ca6-48cb-bd0c-aeac83c5679d,c7fe462a-569e-467c-b93a-0807be168973,36626162-e6ee-4081-bc31-a70b50848fbd,c516bfbe-6366-4ce9-a13e-ea927c3b1a55,efc44269-e27b-4837-bbbe-ac2c0189c9e4,
tch_20200710-165305_34,c4474698-c2a1-11ea-96b3-0242ac110002,std_1594381063185_34,class_20200710-165305_34,V69H-nzTE,4e31a80d-8f34-4830-a1d0-6ed176d72c4c,3a030ed0-aae1-4308-886a-991a29551680,42606a56-2223-4b50-a774-d385385f25fd,299924b3-e030-4472-b44c-75d9585cee06,dbf365ae-8679-43a3-9108-898b2574f041,
tch_20200710-165305_31,c6843ecc-c2a1-11ea-89f8-0242ac110002,std_1594381066946_31,class_20200710-165305_31,zkMd-3zhp,9ecb0bb9-67a9-45da-bc78-ada1f8cc3e6e,f681b8cd-5a51-4c7f-a3d6-ab96021642d0,54124ac9-f9cc-4019-8f7a-4b79ec77bcca,b267efa5-6189-4793-86bc-0f550612469e,082f748e-8c5c-4239-82ac-f3edd077bc65,
tch_20200710-165305_22,c7406225-c2a1-11ea-96b3-0242ac110002,std_1594381068204_22,class_20200710-165305_22,qaxr-xm6D,dcce6194-24d8-43cb-acc8-341e792fa9b0,04eadddb-b806-470f-a55e-dfa5f66e9ba2,b1e5d5d1-816f-4801-be82-83cd7f4b9938,2cd92b5a-0221-4ee6-ac03-188d50150580,cba75035-605f-4383-a5ab-7c1eba683150,
tch_20200710-165305_32,c8699fc8-c2a1-11ea-89f8-0242ac110002,std_1594381070154_32,class_20200710-165305_32,6CVC-DguK,d0b86226-12a7-4e61-b20e-5b60561d5af1,098dfca6-c11a-45eb-b732-a48145178f56,06ced54b-c68b-4c8e-9e3e-87055916f173,cb4265a1-2ea6-4e73-bb16-38dd76dc6627,2052ca7b-7c3a-4444-a2fe-a14eef6a86f3,
tch_20200710-165305_39,c58014ed-c2a1-11ea-af23-0242ac110002,std_1594381065254_39,class_20200710-165305_39,4V8u-U6es,9d3bec6b-aa45-4329-bbf6-4226efb7445b,6221f441-aa7e-43dc-9593-1890bd65bef9,441c1a16-833a-4123-96e8-1a53d75c430c,1ec02326-53d3-4511-be0c-1fcfaee83a30,69092ba0-0576-4837-8789-8b658d11a410,
tch_20200710-165305_29,c9c5d46d-c2a1-11ea-89f8-0242ac110002,std_1594381072441_29,class_20200710-165305_29,92ZC-4nDH,b1478fc2-67f7-4b66-94c0-e04ac43c763a,a90bc227-67f5-4f0f-92c6-c60972dac840,a5e1be97-1f2d-476c-8200-a36c6c986d29,33c74318-af17-4e1d-9407-edb09409a03d,020abfe9-0bbf-4e4e-8845-43fd8234a495,
tch_20200710-165305_23,c568473f-c2a1-11ea-acee-0242ac110002,std_1594381065120_23,class_20200710-165305_23,widj-kAPy,4937406f-6a26-418c-9fbe-e06d8be0fb39,d0221a43-ff37-4b86-95f4-19e81eb18f65,b0f99f2e-9224-4956-bab0-3a2ab49ddf56,7dc76efd-8847-437d-bc17-ed5fb5462472,2268b16e-9bd6-47cd-9592-be17182cd16e,
tch_20200710-165305_33,c9d47aff-c2a1-11ea-af23-0242ac110002,std_1594381072506_33,class_20200710-165305_33,n7Xr-v82b,fe423a1b-a07e-485e-8f76-5fcd5c07294d,7837089c-9dd8-40d7-bdfe-0606df4989f1,96238734-ca1b-4bca-ab7c-7d41e50d46c1,381b788e-79d0-4b4e-b94b-ebd7817a381c,9048d6e6-2c78-4fc8-bd56-5e93951e0073,
tch_20200710-165305_43,c978c65e-c2a1-11ea-96b3-0242ac110002,std_1594381071910_43,class_20200710-165305_43,768F-7H2o,b04cbe99-4f99-4093-b830-9eafdc45bc9e,f40caa7e-dbae-435b-9294-55b8b80478b5,8a9f9c0e-7009-41ff-82da-7f2edcc84a05,43771258-ab3f-453e-adec-4c973e6b4050,8ca9a3fd-e685-41fd-b2a2-37ec483249ef,
tch_20200710-165305_30,cb356ad7-c2a1-11ea-af23-0242ac110002,std_1594381074780_30,class_20200710-165305_30,6Wh6-s74C,826a4d01-9a60-490a-9b2d-2fa5e68ebef6,e1b2277f-8a96-4c25-9cd6-f799c0a951f6,f04dafde-0481-4745-891e-4f453b57239f,f498bb05-723e-4154-8a3a-dfe195f970af,d62153a1-9c1d-450c-95e9-30066bbbae5c,
tch_20200710-165305_42,cc005b8b-c2a1-11ea-af23-0242ac110002,std_1594381076149_42,class_20200710-165305_42,LQ23-wQZY,0239bea9-22bf-4462-9192-393b5e2e5ecc,2c78541b-792e-48d3-861b-e5eedd019d0e,2951b501-c7e9-4a0a-84a1-a98d522422ef,a9af7fcf-058a-4973-940c-08580ade9438,0c4ae136-91f6-4e30-91ec-a7b430579909,
tch_20200710-165305_36,cc8df580-c2a1-11ea-acee-0242ac110002,std_1594381077091_36,class_20200710-165305_36,TChs-ezKB,4c164e08-5280-4fc1-8ed9-2eb1e83a06b7,c3420a6c-1732-4d51-b21d-9aa9b241a820,465a2f92-e17d-4f22-8010-3fd133c9f89b,7028ce1f-c128-464b-836a-a6737518d3db,28aa0c11-8768-4696-956a-5210ac98b21b,
tch_20200710-165305_25,cacb3755-c2a1-11ea-96b3-0242ac110002,std_1594381074152_25,class_20200710-165305_25,g94A-sHQy,643c2825-dfef-4756-b25c-9d074ea5b448,55cab46a-b0f6-40b6-973d-34f123f9adc6,8b4cd505-161f-4ee6-b2c6-42cc3efe0867,bfe23cdb-6637-4715-a60e-8e636b61efdc,1ce2bb73-490a-4978-a340-e8f9a9291196,
tch_20200710-165305_27,cccab052-c2a1-11ea-af23-0242ac110002,std_1594381077511_27,class_20200710-165305_27,7LZ8-3mop,ea8af3fd-daed-447b-81e3-0e767a5d72ac,4bf0c141-84c1-4f36-95af-f51313746246,c30cf5c3-90b1-4652-a72e-43985eb794e1,c6b433b3-e424-4e87-a181-8244144e40ba,32a9c5f0-c570-48ab-ae3e-4c5994194e28,
tch_20200710-165305_40,cce4eebb-c2a1-11ea-acee-0242ac110002,std_1594381077659_40,class_20200710-165305_40,rfZ7-TifY,40506043-8820-47a9-9c75-5120b44bf414,f94931b7-8076-4707-a38c-7366119fdba6,9a22f1c7-4494-491f-87ba-0475469842e1,61b63e28-be5a-426a-9a7b-27751c1e1980,ba3645ad-4499-4c68-ad00-13dafe240fb4,
tch_20200710-165305_26,cd56c3f1-c2a1-11ea-af23-0242ac110002,std_1594381078418_26,class_20200710-165305_26,PmjU-qzp9,c218b767-2aca-4670-beca-ff3ea98e597a,46f243ab-3899-42d7-b4ea-831e9db4d86b,a1cf7ccc-0f93-4f5a-ac98-84f66f284b12,514daeb2-16ee-4688-9aba-03ae4be9d563,f52a725c-3802-4924-b963-8e9b040e77ae,
tch_20200710-165305_24,cf541add-c2a1-11ea-96b3-0242ac110002,std_1594381081727_24,class_20200710-165305_24,3HVd-6XwL,b98f9936-ab27-42c3-bb8b-f401547f9bdc,7ff08143-a3f6-4d05-9308-4c31c0142e32,5b4cd1d8-df7a-4677-876d-6fb75b71880b,e22476e1-795a-4f39-8493-7cbdfc855e0d,63823786-79f3-4f98-a3df-216f544fc3ad,
tch_20200710-165305_46,cfcbbb5d-c2a1-11ea-af23-0242ac110002,std_1594381082237_46,class_20200710-165305_46,7j4y-9J3j,75fc6636-b5cb-4cad-a4c8-502641cc4a5c,aa7b608e-e228-42c3-8a36-0e5150ec5c03,9907b3f6-333a-49ce-9ef8-88958a16bf6e,8a159db8-9fdc-4bdc-acf8-bbba36ef04a6,e1ca8658-b141-4cec-82c9-2ab2ccdd4443,
tch_20200710-165305_35tch_20200710-165305_37,ced6acfb-c2a1-11ea-96b3-0242ac110002,,d15c94ef-c2a1-11ea-af23-0242ac110002std_1594381080945_35,,std_1594381085170_37,class_20200710-165305_35,class_20200710-165305_37,Vz6W-7wRHdE8N-6jyd,,8ef4807f-67e1-4150-a2b5-4f273ddcdffe,d58e237e-066b-478e-bd53-b91eabf1ae50,49891d66-090e-4342-af90-d4199791f522,2a4039d4-4596-4635-a818-d3410d4adaaf,d4b92aa9-f447-4195-a31c-f6d214dabc1c,2e329516-357f-4130-808e-c7bacf1fe717,8cb410ae-5739-4f40-8beb-f641c367aa5b,3a8cf288-c4a1-4a2d-8173-53dd8bc21d88,6a06502a-256c-4336-a099-77126df3e1c5,81491b43-8f60-4366-a48d-569995b0a465,

tch_20200710-165305_28,d0366457-c2a1-11ea-96b3-0242ac110002,std_1594381083237_28,class_20200710-165305_28,u6zE-9H6e,c6703ab8-96a1-4bcd-8d95-022bdeda8e59,ce1698ec-724d-4206-aa68-e1dec146ce66,6b5f998b-8e9b-4f51-9287-c28cba3238c1,64cbc042-708e-4fd1-a424-a5e8a9afa04a,a77ffa29-ee99-44bb-a044-daa861e92f55,
tch_20200710-165305_45,d1977a85-c2a1-11ea-af23-0242ac110002,std_1594381085559_45,class_20200710-165305_45,jhaP-iAb3,c6988106-4db2-4724-8e5e-cac94d21ddc3,d9c157f7-1529-4233-98a7-44edec18ab3a,dd11dd0a-c321-47af-9cc9-3e0be7091b12,1019329f-acd5-480e-b3eb-0d2b28292952,09221674-8465-454b-9a09-8ce31e64897f,
tch_20200710-165305_44,d2216adf-c2a1-11ea-89f8-0242ac110002,std_1594381086411_44,class_20200710-165305_44,V3GB-9NkZ,1a92fee8-9ca6-48cb-bd0c-aeac83c5679d,c7fe462a-569e-467c-b93a-0807be168973,36626162-e6ee-4081-bc31-a70b50848fbd,c516bfbe-6366-4ce9-a13e-ea927c3b1a55,efc44269-e27b-4837-bbbe-ac2c0189c9e4,
tch_20200710-165305_34,d27de357-c2a1-11ea-af23-0242ac110002,std_1594381087029_34,class_20200710-165305_34,V69H-nzTE,4e31a80d-8f34-4830-a1d0-6ed176d72c4c,3a030ed0-aae1-4308-886a-991a29551680,42606a56-2223-4b50-a774-d385385f25fd,299924b3-e030-4472-b44c-75d9585cee06,dbf365ae-8679-43a3-9108-898b2574f041,
tch_20200710-165305_38,d2038334-c2a1-11ea-af23-0242ac110002,std_1594381086246_38,class_20200710-165305_38,gy7v-7GPE,7c9db882-eb40-44a5-9652-80c2338f65c2,ad7a2c6e-1689-40f6-93c0-b6f9ac3f0ec0,e143162c-4c2f-409e-9225-c95f9da4b9bf,d25f61eb-a1b0-41af-b49b-89111fdad7c6,6e59e28f-f1f3-408e-b51e-aa72489834e4,
tch_20200710-165305_39,d3d2c472-c2a1-11ea-89f8-0242ac110002,std_1594381089284_39,class_20200710-165305_39,4V8u-U6es,9d3bec6b-aa45-4329-bbf6-4226efb7445b,6221f441-aa7e-43dc-9593-1890bd65bef9,441c1a16-833a-4123-96e8-1a53d75c430c,1ec02326-53d3-4511-be0c-1fcfaee83a30,69092ba0-0576-4837-8789-8b658d11a410,
tch_20200710-165305_33,d527cd64-c2a1-11ea-96b3-0242ac110002,std_1594381091537_33,class_20200710-165305_33,n7Xr-v82b,fe423a1b-a07e-485e-8f76-5fcd5c07294d,7837089c-9dd8-40d7-bdfe-0606df4989f1,96238734-ca1b-4bca-ab7c-7d41e50d46c1,381b788e-79d0-4b4e-b94b-ebd7817a381c,9048d6e6-2c78-4fc8-bd56-5e93951e0073,
tch_20200710-165305_41,d0d9338c-c2a1-11ea-af23-0242ac110002,std_1594381084282_41,class_20200710-165305_41,h278-t8gr,b8983bc0-de42-40a0-a873-d58a75f10cc8,7e2a7d8c-2322-41bb-96a1-3cc4fea11f80,06592014-3005-4be7-9b11-603cb4d0ad4d,85c6d5a5-1d7a-4718-849f-6edda0a91c86,4fd853cc-822d-455f-ac85-f6b053fbfe36,
tch_20200710-165305_31,d2a9d4b2-c2a1-11ea-af23-0242ac110002,std_1594381087345_31,class_20200710-165305_31,zkMd-3zhp,9ecb0bb9-67a9-45da-bc78-ada1f8cc3e6e,f681b8cd-5a51-4c7f-a3d6-ab96021642d0,54124ac9-f9cc-4019-8f7a-4b79ec77bcca,b267efa5-6189-4793-86bc-0f550612469e,082f748e-8c5c-4239-82ac-f3edd077bc65,
tch_20200710-165305_32,d393722c-c2a1-11ea-96b3-0242ac110002,std_1594381088889_32,class_20200710-165305_32,6CVC-DguK,d0b86226-12a7-4e61-b20e-5b60561d5af1,098dfca6-c11a-45eb-b732-a48145178f56,06ced54b-c68b-4c8e-9e3e-87055916f173,cb4265a1-2ea6-4e73-bb16-38dd76dc6627,2052ca7b-7c3a-4444-a2fe-a14eef6a86f3,
tch_20200710-165305_29,d494b4bd-c2a1-11ea-acee-0242ac110002,std_1594381090570_29,class_20200710-165305_29,92ZC-4nDH,b1478fc2-67f7-4b66-94c0-e04ac43c763a,a90bc227-67f5-4f0f-92c6-c60972dac840,a5e1be97-1f2d-476c-8200-a36c6c986d29,33c74318-af17-4e1d-9407-edb09409a03d,020abfe9-0bbf-4e4e-8845-43fd8234a495,
tch_20200710-165305_23,d4cab9a4-c2a1-11ea-af23-0242ac110002,std_1594381090935_23,class_20200710-165305_23,widj-kAPy,4937406f-6a26-418c-9fbe-e06d8be0fb39,d0221a43-ff37-4b86-95f4-19e81eb18f65,b0f99f2e-9224-4956-bab0-3a2ab49ddf56,7dc76efd-8847-437d-bc17-ed5fb5462472,2268b16e-9bd6-47cd-9592-be17182cd16e,
tch_20200710-165305_43,d7232858-c2a1-11ea-89f8-0242ac110002,std_1594381094851_43,class_20200710-165305_43,768F-7H2o,b04cbe99-4f99-4093-b830-9eafdc45bc9e,f40caa7e-dbae-435b-9294-55b8b80478b5,8a9f9c0e-7009-41ff-82da-7f2edcc84a05,43771258-ab3f-453e-adec-4c973e6b4050,8ca9a3fd-e685-41fd-b2a2-37ec483249ef,
tch_20200710-165305_25,d9efb5c1-c2a1-11ea-96b3-0242ac110002,std_1594381099522_25,class_20200710-165305_25,g94A-sHQy,643c2825-dfef-4756-b25c-9d074ea5b448,55cab46a-b0f6-40b6-973d-34f123f9adc6,8b4cd505-161f-4ee6-b2c6-42cc3efe0867,bfe23cdb-6637-4715-a60e-8e636b61efdc,1ce2bb73-490a-4978-a340-e8f9a9291196,
tch_20200710-165305_27,da3019e6-c2a1-11ea-89f8-0242ac110002,std_1594381099930_27,class_20200710-165305_27,7LZ8-3mop,ea8af3fd-daed-447b-81e3-0e767a5d72ac,4bf0c141-84c1-4f36-95af-f51313746246,c30cf5c3-90b1-4652-a72e-43985eb794e1,c6b433b3-e424-4e87-a181-8244144e40ba,32a9c5f0-c570-48ab-ae3e-4c5994194e28,
tch_20200710-165305_30,d754bff3-c2a1-11ea-acee-0242ac110002,std_1594381095174_30,class_20200710-165305_30,6Wh6-s74C,826a4d01-9a60-490a-9b2d-2fa5e68ebef6,e1b2277f-8a96-4c25-9cd6-f799c0a951f6,f04dafde-0481-4745-891e-4f453b57239f,f498bb05-723e-4154-8a3a-dfe195f970af,d62153a1-9c1d-450c-95e9-30066bbbae5c,
tch_20200710-165305_47,db605c9c-c2a1-11ea-96b3-0242ac110002,std_1594381101651_47,class_20200710-165305_47,y4up-Rez6,61b9316a-cfc0-43ba-b1fd-ea65bb68e202,7bc6091d-0a9f-4dfa-8ab6-c40b5a30550f,f189c2c2-a09f-4189-9c20-dc7d678b333a,56b7d9cc-d424-4b83-9020-a020942874f4,88b3fd6e-dfa0-4601-b1bd-3edf4f602e01,
tch_20200710-165305_26,dab32cef-c2a1-11ea-af23-0242ac110002,std_1594381100831_26,class_20200710-165305_26,PmjU-qzp9,c218b767-2aca-4670-beca-ff3ea98e597a,46f243ab-3899-42d7-b4ea-831e9db4d86b,a1cf7ccc-0f93-4f5a-ac98-84f66f284b12,514daeb2-16ee-4688-9aba-03ae4be9d563,f52a725c-3802-4924-b963-8e9b040e77ae,
tch_20200710-165305_42,d82a10da-c2a1-11ea-89f8-0242ac110002,std_1594381096571_42,class_20200710-165305_42,LQ23-wQZY,0239bea9-22bf-4462-9192-393b5e2e5ecc,2c78541b-792e-48d3-861b-e5eedd019d0e,2951b501-c7e9-4a0a-84a1-a98d522422ef,a9af7fcf-058a-4973-940c-08580ade9438,0c4ae136-91f6-4e30-91ec-a7b430579909,
tch_20200710-165305_36,d9d9473b-c2a1-11ea-96b3-0242ac110002,std_1594381099396_36,class_20200710-165305_36,TChs-ezKB,4c164e08-5280-4fc1-8ed9-2eb1e83a06b7,c3420a6c-1732-4d51-b21d-9aa9b241a820,465a2f92-e17d-4f22-8010-3fd133c9f89b,7028ce1f-c128-464b-836a-a6737518d3db,28aa0c11-8768-4696-956a-5210ac98b21b,
tch_20200710-165305_46,dc2cd44c-c2a1-11ea-acee-0242ac110002,std_1594381103303_46,class_20200710-165305_46,7j4y-9J3j,75fc6636-b5cb-4cad-a4c8-502641cc4a5c,aa7b608e-e228-42c3-8a36-0e5150ec5c03,9907b3f6-333a-49ce-9ef8-88958a16bf6e,8a159db8-9fdc-4bdc-acf8-bbba36ef04a6,e1ca8658-b141-4cec-82c9-2ab2ccdd4443,
tch_20200710-165305_24,dbfc4e7d-c2a1-11ea-89f8-0242ac110002,std_1594381102963_24,class_20200710-165305_24,3HVd-6XwL,b98f9936-ab27-42c3-bb8b-f401547f9bdc,7ff08143-a3f6-4d05-9308-4c31c0142e32,5b4cd1d8-df7a-4677-876d-6fb75b71880b,e22476e1-795a-4f39-8493-7cbdfc855e0d,63823786-79f3-4f98-a3df-216f544fc3ad,
tch_20200710-165305_35,dd439c0b-c2a1-11ea-96b3-0242ac110002,std_1594381105135_35,class_20200710-165305_35,Vz6W-7wRH,8ef4807f-67e1-4150-a2b5-4f273ddcdffe,d58e237e-066b-478e-bd53-b91eabf1ae50,49891d66-090e-4342-af90-d4199791f522,2a4039d4-4596-4635-a818-d3410d4adaaf,d4b92aa9-f447-4195-a31c-f6d214dabc1c,
tch_20200710-165305_40,da39906b-c2a1-11ea-af23-0242ac110002,std_1594381100039_40,class_20200710-165305_40,rfZ7-TifY,40506043-8820-47a9-9c75-5120b44bf414,f94931b7-8076-4707-a38c-7366119fdba6,9a22f1c7-4494-491f-87ba-0475469842e1,61b63e28-be5a-426a-9a7b-27751c1e1980,ba3645ad-4499-4c68-ad00-13dafe240fb4,
tch_20200710-165305_45,ddc994a4-c2a1-11ea-af23-0242ac110002,std_1594381106006_45,class_20200710-165305_45,jhaP-iAb3,c6988106-4db2-4724-8e5e-cac94d21ddc3,d9c157f7-1529-4233-98a7-44edec18ab3a,dd11dd0a-c321-47af-9cc9-3e0be7091b12,1019329f-acd5-480e-b3eb-0d2b28292952,09221674-8465-454b-9a09-8ce31e64897f,
tch_20200710-165305_37,dd45be03-c2a1-11ea-acee-0242ac110002,std_1594381105135_37,class_20200710-165305_37,dE8N-6jyd,2e329516-357f-4130-808e-c7bacf1fe717,8cb410ae-5739-4f40-8beb-f641c367aa5b,3a8cf288-c4a1-4a2d-8173-53dd8bc21d88,6a06502a-256c-4336-a099-77126df3e1c5,81491b43-8f60-4366-a48d-569995b0a465,
tch_20200710-165305_34,deb79d87-c2a1-11ea-89f8-0242ac110002,std_1594381107563_34,class_20200710-165305_34,V69H-nzTE,4e31a80d-8f34-4830-a1d0-6ed176d72c4c,3a030ed0-aae1-4308-886a-991a29551680,42606a56-2223-4b50-a774-d385385f25fd,299924b3-e030-4472-b44c-75d9585cee06,dbf365ae-8679-43a3-9108-898b2574f041,
tch_20200710-165305_28,ddc8d0bc-c2a1-11ea-89f8-0242ac110002,std_1594381105992_28,class_20200710-165305_28,u6zE-9H6e,c6703ab8-96a1-4bcd-8d95-022bdeda8e59,ce1698ec-724d-4206-aa68-e1dec146ce66,6b5f998b-8e9b-4f51-9287-c28cba3238c1,64cbc042-708e-4fd1-a424-a5e8a9afa04a,a77ffa29-ee99-44bb-a044-daa861e92f55,
tch_20200710-165305_39,df6dcf14-c2a1-11ea-89f8-0242ac110002,std_1594381108772_39,class_20200710-165305_39,4V8u-U6es,9d3bec6b-aa45-4329-bbf6-4226efb7445b,6221f441-aa7e-43dc-9593-1890bd65bef9,441c1a16-833a-4123-96e8-1a53d75c430c,1ec02326-53d3-4511-be0c-1fcfaee83a30,69092ba0-0576-4837-8789-8b658d11a410,
tch_20200710-165305_33,dfe19f62-c2a1-11ea-96b3-0242ac110002,std_1594381109539_33,class_20200710-165305_33,n7Xr-v82b,fe423a1b-a07e-485e-8f76-5fcd5c07294d,7837089c-9dd8-40d7-bdfe-0606df4989f1,96238734-ca1b-4bca-ab7c-7d41e50d46c1,381b788e-79d0-4b4e-b94b-ebd7817a381c,9048d6e6-2c78-4fc8-bd56-5e93951e0073,
tch_20200710-165305_44,de85df9b-c2a1-11ea-af23-0242ac110002,std_1594381107247_44,class_20200710-165305_44,V3GB-9NkZ,1a92fee8-9ca6-48cb-bd0c-aeac83c5679d,c7fe462a-569e-467c-b93a-0807be168973,36626162-e6ee-4081-bc31-a70b50848fbd,c516bfbe-6366-4ce9-a13e-ea927c3b1a55,efc44269-e27b-4837-bbbe-ac2c0189c9e4,
tch_20200710-165305_38,df3cd3a8-c2a1-11ea-89f8-0242ac110002,std_1594381108447_38,class_20200710-165305_38,gy7v-7GPE,7c9db882-eb40-44a5-9652-80c2338f65c2,ad7a2c6e-1689-40f6-93c0-b6f9ac3f0ec0,e143162c-4c2f-409e-9225-c95f9da4b9bf,d25f61eb-a1b0-41af-b49b-89111fdad7c6,6e59e28f-f1f3-408e-b51e-aa72489834e4,
tch_20200710-165305_41,e022033a-c2a1-11ea-96b3-0242ac110002,std_1594381109966_41,class_20200710-165305_41,h278-t8gr,b8983bc0-de42-40a0-a873-d58a75f10cc8,7e2a7d8c-2322-41bb-96a1-3cc4fea11f80,06592014-3005-4be7-9b11-603cb4d0ad4d,85c6d5a5-1d7a-4718-849f-6edda0a91c86,4fd853cc-822d-455f-ac85-f6b053fbfe36,
tch_20200710-165305_32,e2115071-c2a1-11ea-acee-0242ac110002,std_1594381113174_32,class_20200710-165305_32,6CVC-DguK,d0b86226-12a7-4e61-b20e-5b60561d5af1,098dfca6-c11a-45eb-b732-a48145178f56,06ced54b-c68b-4c8e-9e3e-87055916f173,cb4265a1-2ea6-4e73-bb16-38dd76dc6627,2052ca7b-7c3a-4444-a2fe-a14eef6a86f3,
tch_20200710-165305_43,e3c47eee-c2a1-11ea-acee-0242ac110002,std_1594381116057_43,class_20200710-165305_43,768F-7H2o,b04cbe99-4f99-4093-b830-9eafdc45bc9e,f40caa7e-dbae-435b-9294-55b8b80478b5,8a9f9c0e-7009-41ff-82da-7f2edcc84a05,43771258-ab3f-453e-adec-4c973e6b4050,8ca9a3fd-e685-41fd-b2a2-37ec483249ef,
tch_20200710-165305_31,e0f95058-c2a1-11ea-96b3-0242ac110002,std_1594381111356_31,class_20200710-165305_31,zkMd-3zhp,9ecb0bb9-67a9-45da-bc78-ada1f8cc3e6e,f681b8cd-5a51-4c7f-a3d6-ab96021642d0,54124ac9-f9cc-4019-8f7a-4b79ec77bcca,b267efa5-6189-4793-86bc-0f550612469e,082f748e-8c5c-4239-82ac-f3edd077bc65,
tch_20200710-165305_29,e2c13f40-c2a1-11ea-96b3-0242ac110002,std_1594381114343_29,class_20200710-165305_29,92ZC-4nDH,b1478fc2-67f7-4b66-94c0-e04ac43c763a,a90bc227-67f5-4f0f-92c6-c60972dac840,a5e1be97-1f2d-476c-8200-a36c6c986d29,33c74318-af17-4e1d-9407-edb09409a03d,020abfe9-0bbf-4e4e-8845-43fd8234a495,
tch_20200710-165305_36,e7bfeeb1-c2a1-11ea-af23-0242ac110002,std_1594381122717_36,class_20200710-165305_36,TChs-ezKB,4c164e08-5280-4fc1-8ed9-2eb1e83a06b7,c3420a6c-1732-4d51-b21d-9aa9b241a820,465a2f92-e17d-4f22-8010-3fd133c9f89b,7028ce1f-c128-464b-836a-a6737518d3db,28aa0c11-8768-4696-956a-5210ac98b21b,
tch_20200710-165305_30,e6b3af8b-c2a1-11ea-af23-0242ac110002,std_1594381120950_30,class_20200710-165305_30,6Wh6-s74C,826a4d01-9a60-490a-9b2d-2fa5e68ebef6,e1b2277f-8a96-4c25-9cd6-f799c0a951f6,f04dafde-0481-4745-891e-4f453b57239f,f498bb05-723e-4154-8a3a-dfe195f970af,d62153a1-9c1d-450c-95e9-30066bbbae5c,
tch_20200710-165305_27,e6937d4a-c2a1-11ea-acee-0242ac110002,std_1594381120748_27,class_20200710-165305_27,7LZ8-3mop,ea8af3fd-daed-447b-81e3-0e767a5d72ac,4bf0c141-84c1-4f36-95af-f51313746246,c30cf5c3-90b1-4652-a72e-43985eb794e1,c6b433b3-e424-4e87-a181-8244144e40ba,32a9c5f0-c570-48ab-ae3e-4c5994194e28,
tch_20200710-165305_48,e6837795-c2a1-11ea-acee-0242ac110002,std_1594381120376_48,class_20200710-165305_48,9MBt-Ty7V,44527a62-c093-493c-ad05-24602b621fc8,3b6e4e95-a336-431d-bb9d-a28891ece2ec,085b3aa3-073c-4780-9774-de50e7725afb,8c904cf4-0f25-4681-ad42-8e338e12e455,af64afdd-8b69-40aa-8c2e-2413958c9a0e,
tch_20200710-165305_25,e5defa9d-c2a1-11ea-96b3-0242ac110002,std_1594381119585_25,class_20200710-165305_25,g94A-sHQy,643c2825-dfef-4756-b25c-9d074ea5b448,55cab46a-b0f6-40b6-973d-34f123f9adc6,8b4cd505-161f-4ee6-b2c6-42cc3efe0867,bfe23cdb-6637-4715-a60e-8e636b61efdc,1ce2bb73-490a-4978-a340-e8f9a9291196,
tch_20200710-165305_26,e787c898-c2a1-11ea-96b3-0242ac110002,std_1594381122333_26,class_20200710-165305_26,PmjU-qzp9,c218b767-2aca-4670-beca-ff3ea98e597a,46f243ab-3899-42d7-b4ea-831e9db4d86b,a1cf7ccc-0f93-4f5a-ac98-84f66f284b12,514daeb2-16ee-4688-9aba-03ae4be9d563,f52a725c-3802-4924-b963-8e9b040e77ae,
tch_20200710-165305_47,e740d3ee-c2a1-11ea-89f8-0242ac110002,std_1594381121881_47,class_20200710-165305_47,y4up-Rez6,61b9316a-cfc0-43ba-b1fd-ea65bb68e202,7bc6091d-0a9f-4dfa-8ab6-c40b5a30550f,f189c2c2-a09f-4189-9c20-dc7d678b333a,56b7d9cc-d424-4b83-9020-a020942874f4,88b3fd6e-dfa0-4601-b1bd-3edf4f602e01,
tch_20200710-165305_40,e9efc7eb-c2a1-11ea-af23-0242ac110002,std_1594381126396_40,class_20200710-165305_40,rfZ7-TifY,40506043-8820-47a9-9c75-5120b44bf414,f94931b7-8076-4707-a38c-7366119fdba6,9a22f1c7-4494-491f-87ba-0475469842e1,61b63e28-be5a-426a-9a7b-27751c1e1980,ba3645ad-4499-4c68-ad00-13dafe240fb4,
tch_20200710-165305_35,e97abe77-c2a1-11ea-af23-0242ac110002,std_1594381125618_35,class_20200710-165305_35,Vz6W-7wRH,8ef4807f-67e1-4150-a2b5-4f273ddcdffe,d58e237e-066b-478e-bd53-b91eabf1ae50,49891d66-090e-4342-af90-d4199791f522,2a4039d4-4596-4635-a818-d3410d4adaaf,d4b92aa9-f447-4195-a31c-f6d214dabc1c,
tch_20200710-165305_42,e7bfeecb-c2a1-11ea-89f8-0242ac110002,std_1594381122712_42,class_20200710-165305_42,LQ23-wQZY,0239bea9-22bf-4462-9192-393b5e2e5ecc,2c78541b-792e-48d3-861b-e5eedd019d0e,2951b501-c7e9-4a0a-84a1-a98d522422ef,a9af7fcf-058a-4973-940c-08580ade9438,0c4ae136-91f6-4e30-91ec-a7b430579909,
tch_20200710-165305_46,e8aa4ec8-c2a1-11ea-acee-0242ac110002,std_1594381124259_46,class_20200710-165305_46,7j4y-9J3j,75fc6636-b5cb-4cad-a4c8-502641cc4a5c,aa7b608e-e228-42c3-8a36-0e5150ec5c03,9907b3f6-333a-49ce-9ef8-88958a16bf6e,8a159db8-9fdc-4bdc-acf8-bbba36ef04a6,e1ca8658-b141-4cec-82c9-2ab2ccdd4443,
tch_20200710-165305_37,eaec2910-c2a1-11ea-89f8-0242ac110002,std_1594381128001_37,class_20200710-165305_37,dE8N-6jyd,2e329516-357f-4130-808e-c7bacf1fe717,8cb410ae-5739-4f40-8beb-f641c367aa5b,3a8cf288-c4a1-4a2d-8173-53dd8bc21d88,6a06502a-256c-4336-a099-77126df3e1c5,81491b43-8f60-4366-a48d-569995b0a465,
tch_20200710-165305_45,ea7e99df-c2a1-11ea-af23-0242ac110002,std_1594381127284_45,class_20200710-165305_45,jhaP-iAb3,c6988106-4db2-4724-8e5e-cac94d21ddc3,d9c157f7-1529-4233-98a7-44edec18ab3a,dd11dd0a-c321-47af-9cc9-3e0be7091b12,1019329f-acd5-480e-b3eb-0d2b28292952,09221674-8465-454b-9a09-8ce31e64897f,
tch_20200710-165305_34,ebc1a111-c2a1-11ea-af23-0242ac110002,std_1594381129448_34,class_20200710-165305_34,V69H-nzTE,4e31a80d-8f34-4830-a1d0-6ed176d72c4c,3a030ed0-aae1-4308-886a-991a29551680,42606a56-2223-4b50-a774-d385385f25fd,299924b3-e030-4472-b44c-75d9585cee06,dbf365ae-8679-43a3-9108-898b2574f041,
tch_20200710-165305_28,ec237016-c2a1-11ea-acee-0242ac110002,std_1594381130074_28,class_20200710-165305_28,u6zE-9H6e,c6703ab8-96a1-4bcd-8d95-022bdeda8e59,ce1698ec-724d-4206-aa68-e1dec146ce66,6b5f998b-8e9b-4f51-9287-c28cba3238c1,64cbc042-708e-4fd1-a424-a5e8a9afa04a,a77ffa29-ee99-44bb-a044-daa861e92f55,
tch_20200710-165305_44,ed078f24-c2a1-11ea-89f8-0242ac110002,std_1594381131588_44,class_20200710-165305_44,V3GB-9NkZ,1a92fee8-9ca6-48cb-bd0c-aeac83c5679d,c7fe462a-569e-467c-b93a-0807be168973,36626162-e6ee-4081-bc31-a70b50848fbd,c516bfbe-6366-4ce9-a13e-ea927c3b1a55,efc44269-e27b-4837-bbbe-ac2c0189c9e4,
tch_20200710-165305_33,ed067dc7-c2a1-11ea-af23-0242ac110002,std_1594381131584_33,class_20200710-165305_33,n7Xr-v82b,fe423a1b-a07e-485e-8f76-5fcd5c07294d,7837089c-9dd8-40d7-bdfe-0606df4989f1,96238734-ca1b-4bca-ab7c-7d41e50d46c1,381b788e-79d0-4b4e-b94b-ebd7817a381c,9048d6e6-2c78-4fc8-bd56-5e93951e0073,
tch_20200710-165305_38,ed24da6f-c2a1-11ea-89f8-0242ac110002,std_1594381131770_38,class_20200710-165305_38,gy7v-7GPE,7c9db882-eb40-44a5-9652-80c2338f65c2,ad7a2c6e-1689-40f6-93c0-b6f9ac3f0ec0,e143162c-4c2f-409e-9225-c95f9da4b9bf,d25f61eb-a1b0-41af-b49b-89111fdad7c6,6e59e28f-f1f3-408e-b51e-aa72489834e4,
tch_20200710-165305_39,ec5a5e87-c2a1-11ea-af23-0242ac110002,std_1594381130456_39,class_20200710-165305_39,4V8u-U6es,9d3bec6b-aa45-4329-bbf6-4226efb7445b,6221f441-aa7e-43dc-9593-1890bd65bef9,441c1a16-833a-4123-96e8-1a53d75c430c,1ec02326-53d3-4511-be0c-1fcfaee83a30,69092ba0-0576-4837-8789-8b658d11a410,
tch_20200710-165305_31,f0561d3f-c2a1-11ea-96b3-0242ac110002,std_1594381137129_31,class_20200710-165305_31,zkMd-3zhp,9ecb0bb9-67a9-45da-bc78-ada1f8cc3e6e,f681b8cd-5a51-4c7f-a3d6-ab96021642d0,54124ac9-f9cc-4019-8f7a-4b79ec77bcca,b267efa5-6189-4793-86bc-0f550612469e,082f748e-8c5c-4239-82ac-f3edd077bc65,
tch_20200710-165305_32,ee8aac5e-c2a1-11ea-96b3-0242ac110002,std_1594381134123_32,class_20200710-165305_32,6CVC-DguK,d0b86226-12a7-4e61-b20e-5b60561d5af1,098dfca6-c11a-45eb-b732-a48145178f56,06ced54b-c68b-4c8e-9e3e-87055916f173,cb4265a1-2ea6-4e73-bb16-38dd76dc6627,2052ca7b-7c3a-4444-a2fe-a14eef6a86f3,
tch_20200710-165305_41,eddbf567-c2a1-11ea-89f8-0242ac110002,std_1594381132940_41,class_20200710-165305_41,h278-t8gr,b8983bc0-de42-40a0-a873-d58a75f10cc8,7e2a7d8c-2322-41bb-96a1-3cc4fea11f80,06592014-3005-4be7-9b11-603cb4d0ad4d,85c6d5a5-1d7a-4718-849f-6edda0a91c86,4fd853cc-822d-455f-ac85-f6b053fbfe36,
tch_20200710-165305_43,f00e8d72-c2a1-11ea-96b3-0242ac110002,std_1594381136648_43,class_20200710-165305_43,768F-7H2o,b04cbe99-4f99-4093-b830-9eafdc45bc9e,f40caa7e-dbae-435b-9294-55b8b80478b5,8a9f9c0e-7009-41ff-82da-7f2edcc84a05,43771258-ab3f-453e-adec-4c973e6b4050,8ca9a3fd-e685-41fd-b2a2-37ec483249ef,
tch_20200710-165305_49,ef0cad1b-c2a1-11ea-96b3-0242ac110002,std_1594381134664_49,class_20200710-165305_49,2J7z-onsB,cf6f34b7-2cb2-4a81-b8c7-365ee96f51ea,d91d4fdc-1be3-45e0-9592-b3c2227d71d6,02a3050c-7147-40ce-89f7-e272c10199e3,70a0d91d-5166-4411-ba4c-335634ffde76,7100efe4-b037-467a-af83-a5220765bcf6,
tch_20200710-165305_29,f1dc9634-c2a1-11ea-89f8-0242ac110002,std_1594381139687_29,class_20200710-165305_29,92ZC-4nDH,b1478fc2-67f7-4b66-94c0-e04ac43c763a,a90bc227-67f5-4f0f-92c6-c60972dac840,a5e1be97-1f2d-476c-8200-a36c6c986d29,33c74318-af17-4e1d-9407-edb09409a03d,020abfe9-0bbf-4e4e-8845-43fd8234a495,
tch_20200710-165305_36,f3251b96-c2a1-11ea-af23-0242ac110002,std_1594381141818_36,class_20200710-165305_36,TChs-ezKB,4c164e08-5280-4fc1-8ed9-2eb1e83a06b7,c3420a6c-1732-4d51-b21d-9aa9b241a820,465a2f92-e17d-4f22-8010-3fd133c9f89b,7028ce1f-c128-464b-836a-a6737518d3db,28aa0c11-8768-4696-956a-5210ac98b21b,
tch_20200710-165305_27,f3a71d3b-c2a1-11ea-89f8-0242ac110002,std_1594381142666_27,class_20200710-165305_27,7LZ8-3mop,ea8af3fd-daed-447b-81e3-0e767a5d72ac,4bf0c141-84c1-4f36-95af-f51313746246,c30cf5c3-90b1-4652-a72e-43985eb794e1,c6b433b3-e424-4e87-a181-8244144e40ba,32a9c5f0-c570-48ab-ae3e-4c5994194e28,
tch_20200710-165305_35,f5f72838-c2a1-11ea-96b3-0242ac110002,std_1594381146562_35,class_20200710-165305_35,Vz6W-7wRH,8ef4807f-67e1-4150-a2b5-4f273ddcdffe,d58e237e-066b-478e-bd53-b91eabf1ae50,49891d66-090e-4342-af90-d4199791f522,2a4039d4-4596-4635-a818-d3410d4adaaf,d4b92aa9-f447-4195-a31c-f6d214dabc1c,
tch_20200710-165305_40,f59e8066-c2a1-11ea-96b3-0242ac110002,std_1594381145991_40,class_20200710-165305_40,rfZ7-TifY,40506043-8820-47a9-9c75-5120b44bf414,f94931b7-8076-4707-a38c-7366119fdba6,9a22f1c7-4494-491f-87ba-0475469842e1,61b63e28-be5a-426a-9a7b-27751c1e1980,ba3645ad-4499-4c68-ad00-13dafe240fb4,
tch_20200710-165305_42,f6269c55-c2a1-11ea-acee-0242ac110002,std_1594381146892_42,class_20200710-165305_42,LQ23-wQZY,0239bea9-22bf-4462-9192-393b5e2e5ecc,2c78541b-792e-48d3-861b-e5eedd019d0e,2951b501-c7e9-4a0a-84a1-a98d522422ef,a9af7fcf-058a-4973-940c-08580ade9438,0c4ae136-91f6-4e30-91ec-a7b430579909,
tch_20200710-165305_47,f51f3e57-c2a1-11ea-acee-0242ac110002,std_1594381145174_47,class_20200710-165305_47,y4up-Rez6,61b9316a-cfc0-43ba-b1fd-ea65bb68e202,7bc6091d-0a9f-4dfa-8ab6-c40b5a30550f,f189c2c2-a09f-4189-9c20-dc7d678b333a,56b7d9cc-d424-4b83-9020-a020942874f4,88b3fd6e-dfa0-4601-b1bd-3edf4f602e01,
tch_20200710-165305_26,f4e3951e-c2a1-11ea-af23-0242ac110002,std_1594381144779_26,class_20200710-165305_26,PmjU-qzp9,c218b767-2aca-4670-beca-ff3ea98e597a,46f243ab-3899-42d7-b4ea-831e9db4d86b,a1cf7ccc-0f93-4f5a-ac98-84f66f284b12,514daeb2-16ee-4688-9aba-03ae4be9d563,f52a725c-3802-4924-b963-8e9b040e77ae,
tch_20200710-165305_46,f66eef6f-c2a1-11ea-acee-0242ac110002,std_1594381147353_46,class_20200710-165305_46,7j4y-9J3j,75fc6636-b5cb-4cad-a4c8-502641cc4a5c,aa7b608e-e228-42c3-8a36-0e5150ec5c03,9907b3f6-333a-49ce-9ef8-88958a16bf6e,8a159db8-9fdc-4bdc-acf8-bbba36ef04a6,e1ca8658-b141-4cec-82c9-2ab2ccdd4443,
tch_20200710-165305_30,f331029b-c2a1-11ea-af23-0242ac110002,std_1594381141901_30,class_20200710-165305_30,6Wh6-s74C,826a4d01-9a60-490a-9b2d-2fa5e68ebef6,e1b2277f-8a96-4c25-9cd6-f799c0a951f6,f04dafde-0481-4745-891e-4f453b57239f,f498bb05-723e-4154-8a3a-dfe195f970af,d62153a1-9c1d-450c-95e9-30066bbbae5c,
tch_20200710-165305_48,f4ca4054-c2a1-11ea-89f8-0242ac110002,std_1594381144583_48,class_20200710-165305_48,9MBt-Ty7V,44527a62-c093-493c-ad05-24602b621fc8,3b6e4e95-a336-431d-bb9d-a28891ece2ec,085b3aa3-073c-4780-9774-de50e7725afb,8c904cf4-0f25-4681-ad42-8e338e12e455,af64afdd-8b69-40aa-8c2e-2413958c9a0e,
tch_20200710-165305_33,fa63a9a6-c2a1-11ea-acee-0242ac110002,std_1594381153990_33,class_20200710-165305_33,n7Xr-v82b,fe423a1b-a07e-485e-8f76-5fcd5c07294d,7837089c-9dd8-40d7-bdfe-0606df4989f1,96238734-ca1b-4bca-ab7c-7d41e50d46c1,381b788e-79d0-4b4e-b94b-ebd7817a381c,9048d6e6-2c78-4fc8-bd56-5e93951e0073,
tch_20200710-165305_34,f93d0445-c2a1-11ea-96b3-0242ac110002,std_1594381152053_34,class_20200710-165305_34,V69H-nzTE,4e31a80d-8f34-4830-a1d0-6ed176d72c4c,3a030ed0-aae1-4308-886a-991a29551680,42606a56-2223-4b50-a774-d385385f25fd,299924b3-e030-4472-b44c-75d9585cee06,dbf365ae-8679-43a3-9108-898b2574f041,
tch_20200710-165305_45,f88c0337-c2a1-11ea-96b3-0242ac110002,std_1594381150911_45,class_20200710-165305_45,jhaP-iAb3,c6988106-4db2-4724-8e5e-cac94d21ddc3,d9c157f7-1529-4233-98a7-44edec18ab3a,dd11dd0a-c321-47af-9cc9-3e0be7091b12,1019329f-acd5-480e-b3eb-0d2b28292952,09221674-8465-454b-9a09-8ce31e64897f,
tch_20200710-165305_37,f757c9a8-c2a1-11ea-acee-0242ac110002,std_1594381148900_37,class_20200710-165305_37,dE8N-6jyd,2e329516-357f-4130-808e-c7bacf1fe717,8cb410ae-5739-4f40-8beb-f641c367aa5b,3a8cf288-c4a1-4a2d-8173-53dd8bc21d88,6a06502a-256c-4336-a099-77126df3e1c5,81491b43-8f60-4366-a48d-569995b0a465,
tch_20200710-165305_44,fa2e6858-c2a1-11ea-89f8-0242ac110002,std_1594381153658_44,class_20200710-165305_44,V3GB-9NkZ,1a92fee8-9ca6-48cb-bd0c-aeac83c5679d,c7fe462a-569e-467c-b93a-0807be168973,36626162-e6ee-4081-bc31-a70b50848fbd,c516bfbe-6366-4ce9-a13e-ea927c3b1a55,efc44269-e27b-4837-bbbe-ac2c0189c9e4,
tch_20200710-165305_50,fa71653f-c2a1-11ea-89f8-0242ac110002,std_1594381153787_50,class_20200710-165305_50,unZ3-8FYi,71ba0202-7af3-43db-9cad-eb06056265f9,8c830248-b488-4147-9292-eaff523ff0f4,f75e1449-7c13-4df2-a4ce-626d02f927a8,92206d84-b00d-4da5-b834-b67a4234be08,5bf1e66c-b302-442f-b91b-97ce0b6f5f5a,
tch_20200710-165305_28,f998438a-c2a1-11ea-acee-0242ac110002,std_1594381152670_28,class_20200710-165305_28,u6zE-9H6e,c6703ab8-96a1-4bcd-8d95-022bdeda8e59,ce1698ec-724d-4206-aa68-e1dec146ce66,6b5f998b-8e9b-4f51-9287-c28cba3238c1,64cbc042-708e-4fd1-a424-a5e8a9afa04a,a77ffa29-ee99-44bb-a044-daa861e92f55,
tch_20200710-165305_32,fcae35ff-c2a1-11ea-89f8-0242ac110002,std_1594381157831_32,class_20200710-165305_32,6CVC-DguK,d0b86226-12a7-4e61-b20e-5b60561d5af1,098dfca6-c11a-45eb-b732-a48145178f56,06ced54b-c68b-4c8e-9e3e-87055916f173,cb4265a1-2ea6-4e73-bb16-38dd76dc6627,2052ca7b-7c3a-4444-a2fe-a14eef6a86f3,
tch_20200710-165305_38,fa6de30e-c2a1-11ea-acee-0242ac110002,std_1594381154066_38,class_20200710-165305_38,gy7v-7GPE,7c9db882-eb40-44a5-9652-80c2338f65c2,ad7a2c6e-1689-40f6-93c0-b6f9ac3f0ec0,e143162c-4c2f-409e-9225-c95f9da4b9bf,d25f61eb-a1b0-41af-b49b-89111fdad7c6,6e59e28f-f1f3-408e-b51e-aa72489834e4,
tch_20200710-165305_39,fae7a68f-c2a1-11ea-89f8-0242ac110002,std_1594381154842_39,class_20200710-165305_39,4V8u-U6es,9d3bec6b-aa45-4329-bbf6-4226efb7445b,6221f441-aa7e-43dc-9593-1890bd65bef9,441c1a16-833a-4123-96e8-1a53d75c430c,1ec02326-53d3-4511-be0c-1fcfaee83a30,69092ba0-0576-4837-8789-8b658d11a410,
tch_20200710-165305_41,fd2adfd6-c2a1-11ea-acee-0242ac110002,std_1594381158656_41,class_20200710-165305_41,h278-t8gr,b8983bc0-de42-40a0-a873-d58a75f10cc8,7e2a7d8c-2322-41bb-96a1-3cc4fea11f80,06592014-3005-4be7-9b11-603cb4d0ad4d,85c6d5a5-1d7a-4718-849f-6edda0a91c86,4fd853cc-822d-455f-ac85-f6b053fbfe36,
tch_20200710-165305_49,fee205d3-c2a1-11ea-89f8-0242ac110002,std_1594381161539_49,class_20200710-165305_49,2J7z-onsB,cf6f34b7-2cb2-4a81-b8c7-365ee96f51ea,d91d4fdc-1be3-45e0-9592-b3c2227d71d6,02a3050c-7147-40ce-89f7-e272c10199e3,70a0d91d-5166-4411-ba4c-335634ffde76,7100efe4-b037-467a-af83-a5220765bcf6,
tch_20200710-165305_31,fc9aae22-c2a1-11ea-af23-0242ac110002,std_1594381157704_31,class_20200710-165305_31,zkMd-3zhp,9ecb0bb9-67a9-45da-bc78-ada1f8cc3e6e,f681b8cd-5a51-4c7f-a3d6-ab96021642d0,54124ac9-f9cc-4019-8f7a-4b79ec77bcca,b267efa5-6189-4793-86bc-0f550612469e,082f748e-8c5c-4239-82ac-f3edd077bc65,
tch_20200710-165305_43,fd68fa74-c2a1-11ea-89f8-0242ac110002,std_1594381159058_43,class_20200710-165305_43,768F-7H2o,b04cbe99-4f99-4093-b830-9eafdc45bc9e,f40caa7e-dbae-435b-9294-55b8b80478b5,8a9f9c0e-7009-41ff-82da-7f2edcc84a05,43771258-ab3f-453e-adec-4c973e6b4050,8ca9a3fd-e685-41fd-b2a2-37ec483249ef,
tch_20200710-165305_29,fee27b4a-c2a1-11ea-96b3-0242ac110002,std_1594381161546_29,class_20200710-165305_29,92ZC-4nDH,b1478fc2-67f7-4b66-94c0-e04ac43c763a,a90bc227-67f5-4f0f-92c6-c60972dac840,a5e1be97-1f2d-476c-8200-a36c6c986d29,33c74318-af17-4e1d-9407-edb09409a03d,020abfe9-0bbf-4e4e-8845-43fd8234a495,
tch_20200710-165305_36,fef0ab54-c2a1-11ea-acee-0242ac110002,std_1594381161635_36,class_20200710-165305_36,TChs-ezKB,4c164e08-5280-4fc1-8ed9-2eb1e83a06b7,c3420a6c-1732-4d51-b21d-9aa9b241a820,465a2f92-e17d-4f22-8010-3fd133c9f89b,7028ce1f-c128-464b-836a-a6737518d3db,28aa0c11-8768-4696-956a-5210ac98b21b,
tch_20200710-165305_27,ff424df3-c2a1-11ea-89f8-0242ac110002,std_1594381162173_27,class_20200710-165305_27,7LZ8-3mop,ea8af3fd-daed-447b-81e3-0e767a5d72ac,4bf0c141-84c1-4f36-95af-f51313746246,c30cf5c3-90b1-4652-a72e-43985eb794e1,c6b433b3-e424-4e87-a181-8244144e40ba,32a9c5f0-c570-48ab-ae3e-4c5994194e28,
tch_20200710-165305_46,0286556c-c2a2-11ea-96b3-0242ac110002,std_1594381167598_46,class_20200710-165305_46,7j4y-9J3j,75fc6636-b5cb-4cad-a4c8-502641cc4a5c,aa7b608e-e228-42c3-8a36-0e5150ec5c03,9907b3f6-333a-49ce-9ef8-88958a16bf6e,8a159db8-9fdc-4bdc-acf8-bbba36ef04a6,e1ca8658-b141-4cec-82c9-2ab2ccdd4443,
tch_20200710-165305_30,02d5876c-c2a2-11ea-96b3-0242ac110002,std_1594381168176_30,class_20200710-165305_30,6Wh6-s74C,826a4d01-9a60-490a-9b2d-2fa5e68ebef6,e1b2277f-8a96-4c25-9cd6-f799c0a951f6,f04dafde-0481-4745-891e-4f453b57239f,f498bb05-723e-4154-8a3a-dfe195f970af,d62153a1-9c1d-450c-95e9-30066bbbae5c,
tch_20200710-165305_51,011427ba-c2a2-11ea-af23-0242ac110002,std_1594381164927_51,class_20200710-165305_51,Fn9B-bt2h,e19183bc-bfb0-4d63-a7fa-57b17074bf88,271412c4-6589-4a60-80ad-249a5374cf84,0cc0817f-7f86-4593-84b2-c69f9e407ec8,168deb3c-1d8a-4c78-98e8-e1a5246e7264,6073af4c-bf74-444e-b83a-6c5f80f84350,
tch_20200710-165305_40,023723e2-c2a2-11ea-89f8-0242ac110002,std_1594381167142_40,class_20200710-165305_40,rfZ7-TifY,40506043-8820-47a9-9c75-5120b44bf414,f94931b7-8076-4707-a38c-7366119fdba6,9a22f1c7-4494-491f-87ba-0475469842e1,61b63e28-be5a-426a-9a7b-27751c1e1980,ba3645ad-4499-4c68-ad00-13dafe240fb4,
tch_20200710-165305_48,04300e4b-c2a2-11ea-acee-0242ac110002,std_1594381170447_48,class_20200710-165305_48,9MBt-Ty7V,44527a62-c093-493c-ad05-24602b621fc8,3b6e4e95-a336-431d-bb9d-a28891ece2ec,085b3aa3-073c-4780-9774-de50e7725afb,8c904cf4-0f25-4681-ad42-8e338e12e455,af64afdd-8b69-40aa-8c2e-2413958c9a0e,
tch_20200710-165305_47,0243ce32-c2a2-11ea-af23-0242ac110002,std_1594381167227_47,class_20200710-165305_47,y4up-Rez6,61b9316a-cfc0-43ba-b1fd-ea65bb68e202,7bc6091d-0a9f-4dfa-8ab6-c40b5a30550f,f189c2c2-a09f-4189-9c20-dc7d678b333a,56b7d9cc-d424-4b83-9020-a020942874f4,88b3fd6e-dfa0-4601-b1bd-3edf4f602e01,
tch_20200710-165305_33,05a6d007-c2a2-11ea-89f8-0242ac110002,std_1594381172891_33,class_20200710-165305_33,n7Xr-v82b,fe423a1b-a07e-485e-8f76-5fcd5c07294d,7837089c-9dd8-40d7-bdfe-0606df4989f1,96238734-ca1b-4bca-ab7c-7d41e50d46c1,381b788e-79d0-4b4e-b94b-ebd7817a381c,9048d6e6-2c78-4fc8-bd56-5e93951e0073,
tch_20200710-165305_42,0238d1b6-c2a2-11ea-96b3-0242ac110002,std_1594381167147_42,class_20200710-165305_42,LQ23-wQZY,0239bea9-22bf-4462-9192-393b5e2e5ecc,2c78541b-792e-48d3-861b-e5eedd019d0e,2951b501-c7e9-4a0a-84a1-a98d522422ef,a9af7fcf-058a-4973-940c-08580ade9438,0c4ae136-91f6-4e30-91ec-a7b430579909,
tch_20200710-165305_35,023b1c63-c2a2-11ea-af23-0242ac110002,std_1594381167116_35,class_20200710-165305_35,Vz6W-7wRH,8ef4807f-67e1-4150-a2b5-4f273ddcdffe,d58e237e-066b-478e-bd53-b91eabf1ae50,49891d66-090e-4342-af90-d4199791f522,2a4039d4-4596-4635-a818-d3410d4adaaf,d4b92aa9-f447-4195-a31c-f6d214dabc1c,
tch_20200710-165305_45,06321ffd-c2a2-11ea-af23-0242ac110002,std_1594381173797_45,class_20200710-165305_45,jhaP-iAb3,c6988106-4db2-4724-8e5e-cac94d21ddc3,d9c157f7-1529-4233-98a7-44edec18ab3a,dd11dd0a-c321-47af-9cc9-3e0be7091b12,1019329f-acd5-480e-b3eb-0d2b28292952,09221674-8465-454b-9a09-8ce31e64897f,
tch_20200710-165305_34,05df6b9d-c2a2-11ea-af23-0242ac110002,std_1594381173265_34,class_20200710-165305_34,V69H-nzTE,4e31a80d-8f34-4830-a1d0-6ed176d72c4c,3a030ed0-aae1-4308-886a-991a29551680,42606a56-2223-4b50-a774-d385385f25fd,299924b3-e030-4472-b44c-75d9585cee06,dbf365ae-8679-43a3-9108-898b2574f041,
tch_20200710-165305_37,063ddfcd-c2a2-11ea-acee-0242ac110002,std_1594381173894_37,class_20200710-165305_37,dE8N-6jyd,2e329516-357f-4130-808e-c7bacf1fe717,8cb410ae-5739-4f40-8beb-f641c367aa5b,3a8cf288-c4a1-4a2d-8173-53dd8bc21d88,6a06502a-256c-4336-a099-77126df3e1c5,81491b43-8f60-4366-a48d-569995b0a465,
tch_20200710-165305_44,06879320-c2a2-11ea-96b3-0242ac110002,std_1594381174366_44,class_20200710-165305_44,V3GB-9NkZ,1a92fee8-9ca6-48cb-bd0c-aeac83c5679d,c7fe462a-569e-467c-b93a-0807be168973,36626162-e6ee-4081-bc31-a70b50848fbd,c516bfbe-6366-4ce9-a13e-ea927c3b1a55,efc44269-e27b-4837-bbbe-ac2c0189c9e4,
tch_20200710-165305_28,0773eeca-c2a2-11ea-acee-0242ac110002,std_1594381175919_28,class_20200710-165305_28,u6zE-9H6e,c6703ab8-96a1-4bcd-8d95-022bdeda8e59,ce1698ec-724d-4206-aa68-e1dec146ce66,6b5f998b-8e9b-4f51-9287-c28cba3238c1,64cbc042-708e-4fd1-a424-a5e8a9afa04a,a77ffa29-ee99-44bb-a044-daa861e92f55,
tch_20200710-165305_50,07682e7c-c2a2-11ea-89f8-0242ac110002,std_1594381175838_50,class_20200710-165305_50,unZ3-8FYi,71ba0202-7af3-43db-9cad-eb06056265f9,8c830248-b488-4147-9292-eaff523ff0f4,f75e1449-7c13-4df2-a4ce-626d02f927a8,92206d84-b00d-4da5-b834-b67a4234be08,5bf1e66c-b302-442f-b91b-97ce0b6f5f5a,
tch_20200710-165305_49,0a11ca7a-c2a2-11ea-af23-0242ac110002,std_1594381180268_49,class_20200710-165305_49,2J7z-onsB,cf6f34b7-2cb2-4a81-b8c7-365ee96f51ea,d91d4fdc-1be3-45e0-9592-b3c2227d71d6,02a3050c-7147-40ce-89f7-e272c10199e3,70a0d91d-5166-4411-ba4c-335634ffde76,7100efe4-b037-467a-af83-a5220765bcf6,
tch_20200710-165305_32,09245e02-c2a2-11ea-acee-0242ac110002,std_1594381178722_32,class_20200710-165305_32,6CVC-DguK,d0b86226-12a7-4e61-b20e-5b60561d5af1,098dfca6-c11a-45eb-b732-a48145178f56,06ced54b-c68b-4c8e-9e3e-87055916f173,cb4265a1-2ea6-4e73-bb16-38dd76dc6627,2052ca7b-7c3a-4444-a2fe-a14eef6a86f3,
tch_20200710-165305_41,09f73e2f-c2a2-11ea-96b3-0242ac110002,std_1594381180133_41,class_20200710-165305_41,h278-t8gr,b8983bc0-de42-40a0-a873-d58a75f10cc8,7e2a7d8c-2322-41bb-96a1-3cc4fea11f80,06592014-3005-4be7-9b11-603cb4d0ad4d,85c6d5a5-1d7a-4718-849f-6edda0a91c86,4fd853cc-822d-455f-ac85-f6b053fbfe36,
tch_20200710-165305_38,09304410-c2a2-11ea-acee-0242ac110002,std_1594381178818_38,class_20200710-165305_38,gy7v-7GPE,7c9db882-eb40-44a5-9652-80c2338f65c2,ad7a2c6e-1689-40f6-93c0-b6f9ac3f0ec0,e143162c-4c2f-409e-9225-c95f9da4b9bf,d25f61eb-a1b0-41af-b49b-89111fdad7c6,6e59e28f-f1f3-408e-b51e-aa72489834e4,
tch_20200710-165305_39,09cbe7e6-c2a2-11ea-89f8-0242ac110002,std_1594381179841_39,class_20200710-165305_39,4V8u-U6es,9d3bec6b-aa45-4329-bbf6-4226efb7445b,6221f441-aa7e-43dc-9593-1890bd65bef9,441c1a16-833a-4123-96e8-1a53d75c430c,1ec02326-53d3-4511-be0c-1fcfaee83a30,69092ba0-0576-4837-8789-8b658d11a410,
tch_20200710-165305_43,0b21db20-c2a2-11ea-af23-0242ac110002,std_1594381182097_43,class_20200710-165305_43,768F-7H2o,b04cbe99-4f99-4093-b830-9eafdc45bc9e,f40caa7e-dbae-435b-9294-55b8b80478b5,8a9f9c0e-7009-41ff-82da-7f2edcc84a05,43771258-ab3f-453e-adec-4c973e6b4050,8ca9a3fd-e685-41fd-b2a2-37ec483249ef,
tch_20200710-165305_36,0ba4c66e-c2a2-11ea-af23-0242ac110002,std_1594381182952_36,class_20200710-165305_36,TChs-ezKB,4c164e08-5280-4fc1-8ed9-2eb1e83a06b7,c3420a6c-1732-4d51-b21d-9aa9b241a820,465a2f92-e17d-4f22-8010-3fd133c9f89b,7028ce1f-c128-464b-836a-a6737518d3db,28aa0c11-8768-4696-956a-5210ac98b21b,
tch_20200710-165305_29,0b861b2a-c2a2-11ea-89f8-0242ac110002,std_1594381182753_29,class_20200710-165305_29,92ZC-4nDH,b1478fc2-67f7-4b66-94c0-e04ac43c763a,a90bc227-67f5-4f0f-92c6-c60972dac840,a5e1be97-1f2d-476c-8200-a36c6c986d29,33c74318-af17-4e1d-9407-edb09409a03d,020abfe9-0bbf-4e4e-8845-43fd8234a495,
tch_20200710-165305_31,0ae65902-c2a2-11ea-89f8-0242ac110002,std_1594381181699_31,class_20200710-165305_31,zkMd-3zhp,9ecb0bb9-67a9-45da-bc78-ada1f8cc3e6e,f681b8cd-5a51-4c7f-a3d6-ab96021642d0,54124ac9-f9cc-4019-8f7a-4b79ec77bcca,b267efa5-6189-4793-86bc-0f550612469e,082f748e-8c5c-4239-82ac-f3edd077bc65,
tch_20200710-165305_52,0cf478bc-c2a2-11ea-af23-0242ac110002,std_1594381184844_52,class_20200710-165305_52,7UBy-vDdQ,c3558bcf-4651-4d30-921b-d6d4f13ca220,31a9aea8-b189-43d2-88de-8bb90c12b14d,39af4843-8998-4205-9249-6ceda0c30db5,1d10c8bc-38c8-4038-bbcd-0b4026d589d0,78eb0653-2583-4ecd-a4f5-e01082d1464a,
tch_20200710-165305_42,115fc18e-c2a2-11ea-acee-0242ac110002,std_1594381192562_42,class_20200710-165305_42,LQ23-wQZY,0239bea9-22bf-4462-9192-393b5e2e5ecc,2c78541b-792e-48d3-861b-e5eedd019d0e,2951b501-c7e9-4a0a-84a1-a98d522422ef,a9af7fcf-058a-4973-940c-08580ade9438,0c4ae136-91f6-4e30-91ec-a7b430579909,
tch_20200710-165305_33,11160e4f-c2a2-11ea-89f8-0242ac110002,std_1594381192081_33,class_20200710-165305_33,n7Xr-v82b,fe423a1b-a07e-485e-8f76-5fcd5c07294d,7837089c-9dd8-40d7-bdfe-0606df4989f1,96238734-ca1b-4bca-ab7c-7d41e50d46c1,381b788e-79d0-4b4e-b94b-ebd7817a381c,9048d6e6-2c78-4fc8-bd56-5e93951e0073,
tch_20200710-165305_47,10d3d583-c2a2-11ea-acee-0242ac110002,std_1594381191650_47,class_20200710-165305_47,y4up-Rez6,61b9316a-cfc0-43ba-b1fd-ea65bb68e202,7bc6091d-0a9f-4dfa-8ab6-c40b5a30550f,f189c2c2-a09f-4189-9c20-dc7d678b333a,56b7d9cc-d424-4b83-9020-a020942874f4,88b3fd6e-dfa0-4601-b1bd-3edf4f602e01,
tch_20200710-165305_30,0f91910b-c2a2-11ea-acee-0242ac110002,std_1594381189521_30,class_20200710-165305_30,6Wh6-s74C,826a4d01-9a60-490a-9b2d-2fa5e68ebef6,e1b2277f-8a96-4c25-9cd6-f799c0a951f6,f04dafde-0481-4745-891e-4f453b57239f,f498bb05-723e-4154-8a3a-dfe195f970af,d62153a1-9c1d-450c-95e9-30066bbbae5c,
tch_20200710-165305_51,0fed9439-c2a2-11ea-acee-0242ac110002,std_1594381190116_51,class_20200710-165305_51,Fn9B-bt2h,e19183bc-bfb0-4d63-a7fa-57b17074bf88,271412c4-6589-4a60-80ad-249a5374cf84,0cc0817f-7f86-4593-84b2-c69f9e407ec8,168deb3c-1d8a-4c78-98e8-e1a5246e7264,6073af4c-bf74-444e-b83a-6c5f80f84350,
tch_20200710-165305_46,0f919120-c2a2-11ea-96b3-0242ac110002,std_1594381189518_46,class_20200710-165305_46,7j4y-9J3j,75fc6636-b5cb-4cad-a4c8-502641cc4a5c,aa7b608e-e228-42c3-8a36-0e5150ec5c03,9907b3f6-333a-49ce-9ef8-88958a16bf6e,8a159db8-9fdc-4bdc-acf8-bbba36ef04a6,e1ca8658-b141-4cec-82c9-2ab2ccdd4443,
tch_20200710-165305_40,108e40c7-c2a2-11ea-af23-0242ac110002,std_1594381191203_40,class_20200710-165305_40,rfZ7-TifY,40506043-8820-47a9-9c75-5120b44bf414,f94931b7-8076-4707-a38c-7366119fdba6,9a22f1c7-4494-491f-87ba-0475469842e1,61b63e28-be5a-426a-9a7b-27751c1e1980,ba3645ad-4499-4c68-ad00-13dafe240fb4,
tch_20200710-165305_48,10add6bc-c2a2-11ea-89f8-0242ac110002,std_1594381191372_48,class_20200710-165305_48,9MBt-Ty7V,44527a62-c093-493c-ad05-24602b621fc8,3b6e4e95-a336-431d-bb9d-a28891ece2ec,085b3aa3-073c-4780-9774-de50e7725afb,8c904cf4-0f25-4681-ad42-8e338e12e455,af64afdd-8b69-40aa-8c2e-2413958c9a0e,
tch_20200710-165305_35,11669fc8-c2a2-11ea-89f8-0242ac110002,std_1594381192607_35,class_20200710-165305_35,Vz6W-7wRH,8ef4807f-67e1-4150-a2b5-4f273ddcdffe,d58e237e-066b-478e-bd53-b91eabf1ae50,49891d66-090e-4342-af90-d4199791f522,2a4039d4-4596-4635-a818-d3410d4adaaf,d4b92aa9-f447-4195-a31c-f6d214dabc1c,
tch_20200710-165305_44,14dc3e6d-c2a2-11ea-af23-0242ac110002,std_1594381198398_44,class_20200710-165305_44,V3GB-9NkZ,1a92fee8-9ca6-48cb-bd0c-aeac83c5679d,c7fe462a-569e-467c-b93a-0807be168973,36626162-e6ee-4081-bc31-a70b50848fbd,c516bfbe-6366-4ce9-a13e-ea927c3b1a55,efc44269-e27b-4837-bbbe-ac2c0189c9e4,
tch_20200710-165305_37,13ddba59-c2a2-11ea-89f8-0242ac110002,std_1594381196747_37,class_20200710-165305_37,dE8N-6jyd,2e329516-357f-4130-808e-c7bacf1fe717,8cb410ae-5739-4f40-8beb-f641c367aa5b,3a8cf288-c4a1-4a2d-8173-53dd8bc21d88,6a06502a-256c-4336-a099-77126df3e1c5,81491b43-8f60-4366-a48d-569995b0a465,
tch_20200710-165305_34,137fbb2b-c2a2-11ea-af23-0242ac110002,std_1594381196123_34,class_20200710-165305_34,V69H-nzTE,4e31a80d-8f34-4830-a1d0-6ed176d72c4c,3a030ed0-aae1-4308-886a-991a29551680,42606a56-2223-4b50-a774-d385385f25fd,299924b3-e030-4472-b44c-75d9585cee06,dbf365ae-8679-43a3-9108-898b2574f041,
tch_20200710-165305_45,1372c3b3-c2a2-11ea-af23-0242ac110002,std_1594381196045_45,class_20200710-165305_45,jhaP-iAb3,c6988106-4db2-4724-8e5e-cac94d21ddc3,d9c157f7-1529-4233-98a7-44edec18ab3a,dd11dd0a-c321-47af-9cc9-3e0be7091b12,1019329f-acd5-480e-b3eb-0d2b28292952,09221674-8465-454b-9a09-8ce31e64897f,
tch_20200710-165305_41,1746fcf2-c2a2-11ea-89f8-0242ac110002,std_1594381202460_41,class_20200710-165305_41,h278-t8gr,b8983bc0-de42-40a0-a873-d58a75f10cc8,7e2a7d8c-2322-41bb-96a1-3cc4fea11f80,06592014-3005-4be7-9b11-603cb4d0ad4d,85c6d5a5-1d7a-4718-849f-6edda0a91c86,4fd853cc-822d-455f-ac85-f6b053fbfe36,
tch_20200710-165305_38,176385d8-c2a2-11ea-89f8-0242ac110002,std_1594381202622_38,class_20200710-165305_38,gy7v-7GPE,7c9db882-eb40-44a5-9652-80c2338f65c2,ad7a2c6e-1689-40f6-93c0-b6f9ac3f0ec0,e143162c-4c2f-409e-9225-c95f9da4b9bf,d25f61eb-a1b0-41af-b49b-89111fdad7c6,6e59e28f-f1f3-408e-b51e-aa72489834e4,
tch_20200710-165305_49,170670eb-c2a2-11ea-89f8-0242ac110002,std_1594381201975_49,class_20200710-165305_49,2J7z-onsB,cf6f34b7-2cb2-4a81-b8c7-365ee96f51ea,d91d4fdc-1be3-45e0-9592-b3c2227d71d6,02a3050c-7147-40ce-89f7-e272c10199e3,70a0d91d-5166-4411-ba4c-335634ffde76,7100efe4-b037-467a-af83-a5220765bcf6,
tch_20200710-165305_32,17103503-c2a2-11ea-af23-0242ac110002,std_1594381202098_32,class_20200710-165305_32,6CVC-DguK,d0b86226-12a7-4e61-b20e-5b60561d5af1,098dfca6-c11a-45eb-b732-a48145178f56,06ced54b-c68b-4c8e-9e3e-87055916f173,cb4265a1-2ea6-4e73-bb16-38dd76dc6627,2052ca7b-7c3a-4444-a2fe-a14eef6a86f3,
tch_20200710-165305_50,1698e2bc-c2a2-11ea-acee-0242ac110002,std_1594381201320_50,class_20200710-165305_50,unZ3-8FYi,71ba0202-7af3-43db-9cad-eb06056265f9,8c830248-b488-4147-9292-eaff523ff0f4,f75e1449-7c13-4df2-a4ce-626d02f927a8,92206d84-b00d-4da5-b834-b67a4234be08,5bf1e66c-b302-442f-b91b-97ce0b6f5f5a,
tch_20200710-165305_29,1932edf8-c2a2-11ea-89f8-0242ac110002,std_1594381205666_29,class_20200710-165305_29,92ZC-4nDH,b1478fc2-67f7-4b66-94c0-e04ac43c763a,a90bc227-67f5-4f0f-92c6-c60972dac840,a5e1be97-1f2d-476c-8200-a36c6c986d29,33c74318-af17-4e1d-9407-edb09409a03d,020abfe9-0bbf-4e4e-8845-43fd8234a495,
tch_20200710-165305_53,1683ad34-c2a2-11ea-96b3-0242ac110002,std_1594381200893_53,class_20200710-165305_53,uHxj-Ls8t,a2828061-2dbb-467b-ae99-206f785e3f8a,ace623a2-60da-4b8c-baf4-67ff7cd42e5a,d2361723-8fc6-4dd1-8d35-c2371a320737,b1f2e40c-b2a3-4719-8fb2-625f0a27ecac,293a48fe-55b3-447e-86e2-e521ccf426bc,
tch_20200710-165305_31,19c76637-c2a2-11ea-89f8-0242ac110002,std_1594381206648_31,class_20200710-165305_31,zkMd-3zhp,9ecb0bb9-67a9-45da-bc78-ada1f8cc3e6e,f681b8cd-5a51-4c7f-a3d6-ab96021642d0,54124ac9-f9cc-4019-8f7a-4b79ec77bcca,b267efa5-6189-4793-86bc-0f550612469e,082f748e-8c5c-4239-82ac-f3edd077bc65,
tch_20200710-165305_43,18379dfd-c2a2-11ea-acee-0242ac110002,std_1594381204041_43,class_20200710-165305_43,768F-7H2o,b04cbe99-4f99-4093-b830-9eafdc45bc9e,f40caa7e-dbae-435b-9294-55b8b80478b5,8a9f9c0e-7009-41ff-82da-7f2edcc84a05,43771258-ab3f-453e-adec-4c973e6b4050,8ca9a3fd-e685-41fd-b2a2-37ec483249ef,
tch_20200710-165305_36,187e6b07-c2a2-11ea-89f8-0242ac110002,std_1594381204506_36,class_20200710-165305_36,TChs-ezKB,4c164e08-5280-4fc1-8ed9-2eb1e83a06b7,c3420a6c-1732-4d51-b21d-9aa9b241a820,465a2f92-e17d-4f22-8010-3fd133c9f89b,7028ce1f-c128-464b-836a-a6737518d3db,28aa0c11-8768-4696-956a-5210ac98b21b,
tch_20200710-165305_52,1a88ba11-c2a2-11ea-acee-0242ac110002,std_1594381207931_52,class_20200710-165305_52,7UBy-vDdQ,c3558bcf-4651-4d30-921b-d6d4f13ca220,31a9aea8-b189-43d2-88de-8bb90c12b14d,39af4843-8998-4205-9249-6ceda0c30db5,1d10c8bc-38c8-4038-bbcd-0b4026d589d0,78eb0653-2583-4ecd-a4f5-e01082d1464a,
tch_20200710-165305_39,1800d739-c2a2-11ea-96b3-0242ac110002,std_1594381203692_39,class_20200710-165305_39,4V8u-U6es,9d3bec6b-aa45-4329-bbf6-4226efb7445b,6221f441-aa7e-43dc-9593-1890bd65bef9,441c1a16-833a-4123-96e8-1a53d75c430c,1ec02326-53d3-4511-be0c-1fcfaee83a30,69092ba0-0576-4837-8789-8b658d11a410,
tch_20200710-165305_47,1d21b433-c2a2-11ea-96b3-0242ac110002,std_1594381212294_47,class_20200710-165305_47,y4up-Rez6,61b9316a-cfc0-43ba-b1fd-ea65bb68e202,7bc6091d-0a9f-4dfa-8ab6-c40b5a30550f,f189c2c2-a09f-4189-9c20-dc7d678b333a,56b7d9cc-d424-4b83-9020-a020942874f4,88b3fd6e-dfa0-4601-b1bd-3edf4f602e01,
tch_20200710-165305_42,1c4277c9-c2a2-11ea-af23-0242ac110002,std_1594381210776_42,class_20200710-165305_42,LQ23-wQZY,0239bea9-22bf-4462-9192-393b5e2e5ecc,2c78541b-792e-48d3-861b-e5eedd019d0e,2951b501-c7e9-4a0a-84a1-a98d522422ef,a9af7fcf-058a-4973-940c-08580ade9438,0c4ae136-91f6-4e30-91ec-a7b430579909,
tch_20200710-165305_51,1d6cc79f-c2a2-11ea-96b3-0242ac110002,std_1594381212777_51,class_20200710-165305_51,Fn9B-bt2h,e19183bc-bfb0-4d63-a7fa-57b17074bf88,271412c4-6589-4a60-80ad-249a5374cf84,0cc0817f-7f86-4593-84b2-c69f9e407ec8,168deb3c-1d8a-4c78-98e8-e1a5246e7264,6073af4c-bf74-444e-b83a-6c5f80f84350,
tch_20200710-165305_46,1e8d5284-c2a2-11ea-af23-0242ac110002,std_1594381214664_46,class_20200710-165305_46,7j4y-9J3j,75fc6636-b5cb-4cad-a4c8-502641cc4a5c,aa7b608e-e228-42c3-8a36-0e5150ec5c03,9907b3f6-333a-49ce-9ef8-88958a16bf6e,8a159db8-9fdc-4bdc-acf8-bbba36ef04a6,e1ca8658-b141-4cec-82c9-2ab2ccdd4443,
tch_20200710-165305_33tch_20200710-165305_30,,1cd5427e-c2a2-11ea-96b3-0242ac1100021d31e0f2-c2a2-11ea-89f8-0242ac110002,,std_1594381211782_33std_1594381212391_30,,class_20200710-165305_33class_20200710-165305_30,,n7Xr-v82b6Wh6-s74C,,fe423a1b-a07e-485e-8f76-5fcd5c07294d,7837089c-9dd8-40d7-bdfe-0606df4989f1,96238734-ca1b-4bca-ab7c-7d41e50d46c1,381b788e-79d0-4b4e-b94b-ebd7817a381c,9048d6e6-2c78-4fc8-bd56-5e93951e0073,826a4d01-9a60-490a-9b2d-2fa5e68ebef6,e1b2277f-8a96-4c25-9cd6-f799c0a951f6,f04dafde-0481-4745-891e-4f453b57239f,f498bb05-723e-4154-8a3a-dfe195f970af,d62153a1-9c1d-450c-95e9-30066bbbae5c,

tch_20200710-165305_40,1f43d1b9-c2a2-11ea-96b3-0242ac110002,std_1594381215822_40,class_20200710-165305_40,rfZ7-TifY,40506043-8820-47a9-9c75-5120b44bf414,f94931b7-8076-4707-a38c-7366119fdba6,9a22f1c7-4494-491f-87ba-0475469842e1,61b63e28-be5a-426a-9a7b-27751c1e1980,ba3645ad-4499-4c68-ad00-13dafe240fb4,
tch_20200710-165305_44,218499b7-c2a2-11ea-96b3-0242ac110002,std_1594381219652_44,class_20200710-165305_44,V3GB-9NkZ,1a92fee8-9ca6-48cb-bd0c-aeac83c5679d,c7fe462a-569e-467c-b93a-0807be168973,36626162-e6ee-4081-bc31-a70b50848fbd,c516bfbe-6366-4ce9-a13e-ea927c3b1a55,efc44269-e27b-4837-bbbe-ac2c0189c9e4,
tch_20200710-165305_35,2009e087-c2a2-11ea-89f8-0242ac110002,std_1594381217157_35,class_20200710-165305_35,Vz6W-7wRH,8ef4807f-67e1-4150-a2b5-4f273ddcdffe,d58e237e-066b-478e-bd53-b91eabf1ae50,49891d66-090e-4342-af90-d4199791f522,2a4039d4-4596-4635-a818-d3410d4adaaf,d4b92aa9-f447-4195-a31c-f6d214dabc1c,
tch_20200710-165305_45,2250c385-c2a2-11ea-96b3-0242ac110002,std_1594381220938_45,class_20200710-165305_45,jhaP-iAb3,c6988106-4db2-4724-8e5e-cac94d21ddc3,d9c157f7-1529-4233-98a7-44edec18ab3a,dd11dd0a-c321-47af-9cc9-3e0be7091b12,1019329f-acd5-480e-b3eb-0d2b28292952,09221674-8465-454b-9a09-8ce31e64897f,
tch_20200710-165305_48,1f803de6-c2a2-11ea-af23-0242ac110002,std_1594381216255_48,class_20200710-165305_48,9MBt-Ty7V,44527a62-c093-493c-ad05-24602b621fc8,3b6e4e95-a336-431d-bb9d-a28891ece2ec,085b3aa3-073c-4780-9774-de50e7725afb,8c904cf4-0f25-4681-ad42-8e338e12e455,af64afdd-8b69-40aa-8c2e-2413958c9a0e,
tch_20200710-165305_34,223c9ed9-c2a2-11ea-89f8-0242ac110002,std_1594381220849_34,class_20200710-165305_34,V69H-nzTE,4e31a80d-8f34-4830-a1d0-6ed176d72c4c,3a030ed0-aae1-4308-886a-991a29551680,42606a56-2223-4b50-a774-d385385f25fd,299924b3-e030-4472-b44c-75d9585cee06,dbf365ae-8679-43a3-9108-898b2574f041,
tch_20200710-165305_32,24ddb015-c2a2-11ea-96b3-0242ac110002,std_1594381225263_32,class_20200710-165305_32,6CVC-DguK,d0b86226-12a7-4e61-b20e-5b60561d5af1,098dfca6-c11a-45eb-b732-a48145178f56,06ced54b-c68b-4c8e-9e3e-87055916f173,cb4265a1-2ea6-4e73-bb16-38dd76dc6627,2052ca7b-7c3a-4444-a2fe-a14eef6a86f3,
tch_20200710-165305_37,2190ced3-c2a2-11ea-96b3-0242ac110002,std_1594381219731_37,class_20200710-165305_37,dE8N-6jyd,2e329516-357f-4130-808e-c7bacf1fe717,8cb410ae-5739-4f40-8beb-f641c367aa5b,3a8cf288-c4a1-4a2d-8173-53dd8bc21d88,6a06502a-256c-4336-a099-77126df3e1c5,81491b43-8f60-4366-a48d-569995b0a465,
tch_20200710-165305_50,252edd03-c2a2-11ea-acee-0242ac110002,std_1594381225790_50,class_20200710-165305_50,unZ3-8FYi,71ba0202-7af3-43db-9cad-eb06056265f9,8c830248-b488-4147-9292-eaff523ff0f4,f75e1449-7c13-4df2-a4ce-626d02f927a8,92206d84-b00d-4da5-b834-b67a4234be08,5bf1e66c-b302-442f-b91b-97ce0b6f5f5a,
tch_20200710-165305_49,248e0910-c2a2-11ea-af23-0242ac110002,std_1594381224756_49,class_20200710-165305_49,2J7z-onsB,cf6f34b7-2cb2-4a81-b8c7-365ee96f51ea,d91d4fdc-1be3-45e0-9592-b3c2227d71d6,02a3050c-7147-40ce-89f7-e272c10199e3,70a0d91d-5166-4411-ba4c-335634ffde76,7100efe4-b037-467a-af83-a5220765bcf6,
tch_20200710-165305_41,23b77f1f-c2a2-11ea-89f8-0242ac110002,std_1594381223330_41,class_20200710-165305_41,h278-t8gr,b8983bc0-de42-40a0-a873-d58a75f10cc8,7e2a7d8c-2322-41bb-96a1-3cc4fea11f80,06592014-3005-4be7-9b11-603cb4d0ad4d,85c6d5a5-1d7a-4718-849f-6edda0a91c86,4fd853cc-822d-455f-ac85-f6b053fbfe36,
tch_20200710-165305_38,24752981-c2a2-11ea-96b3-0242ac110002,std_1594381224570_38,class_20200710-165305_38,gy7v-7GPE,7c9db882-eb40-44a5-9652-80c2338f65c2,ad7a2c6e-1689-40f6-93c0-b6f9ac3f0ec0,e143162c-4c2f-409e-9225-c95f9da4b9bf,d25f61eb-a1b0-41af-b49b-89111fdad7c6,6e59e28f-f1f3-408e-b51e-aa72489834e4,
tch_20200710-165305_54,264ca880-c2a2-11ea-acee-0242ac110002,std_1594381227385_54,class_20200710-165305_54,fYeE-QAQi,d4856b82-c700-4fdb-b9a2-3e42ee7cc181,7a7edc27-c5fd-4fb1-9e45-b59c6328eba8,8605fb1c-38d1-4af4-87d8-274eb5dc53b0,81fef65a-42dc-465d-949e-b89a3585477c,a8d49cee-f5eb-410e-8ae0-76c2c066b6b8,
tch_20200710-165305_43,26239d07-c2a2-11ea-96b3-0242ac110002,std_1594381227400_43,class_20200710-165305_43,768F-7H2o,b04cbe99-4f99-4093-b830-9eafdc45bc9e,f40caa7e-dbae-435b-9294-55b8b80478b5,8a9f9c0e-7009-41ff-82da-7f2edcc84a05,43771258-ab3f-453e-adec-4c973e6b4050,8ca9a3fd-e685-41fd-b2a2-37ec483249ef,
tch_20200710-165305_53,25657cc2-c2a2-11ea-acee-0242ac110002,std_1594381226153_53,class_20200710-165305_53,uHxj-Ls8t,a2828061-2dbb-467b-ae99-206f785e3f8a,ace623a2-60da-4b8c-baf4-67ff7cd42e5a,d2361723-8fc6-4dd1-8d35-c2371a320737,b1f2e40c-b2a3-4719-8fb2-625f0a27ecac,293a48fe-55b3-447e-86e2-e521ccf426bc,
tch_20200710-165305_31,25e0c810-c2a2-11ea-89f8-0242ac110002,std_1594381226951_31,class_20200710-165305_31,zkMd-3zhp,9ecb0bb9-67a9-45da-bc78-ada1f8cc3e6e,f681b8cd-5a51-4c7f-a3d6-ab96021642d0,54124ac9-f9cc-4019-8f7a-4b79ec77bcca,b267efa5-6189-4793-86bc-0f550612469e,082f748e-8c5c-4239-82ac-f3edd077bc65,
tch_20200710-165305_39,277968c7-c2a2-11ea-96b3-0242ac110002,std_1594381229641_39,class_20200710-165305_39,4V8u-U6es,9d3bec6b-aa45-4329-bbf6-4226efb7445b,6221f441-aa7e-43dc-9593-1890bd65bef9,441c1a16-833a-4123-96e8-1a53d75c430c,1ec02326-53d3-4511-be0c-1fcfaee83a30,69092ba0-0576-4837-8789-8b658d11a410,
tch_20200710-165305_47,27aa63c3-c2a2-11ea-acee-0242ac110002,std_1594381229973_47,class_20200710-165305_47,y4up-Rez6,61b9316a-cfc0-43ba-b1fd-ea65bb68e202,7bc6091d-0a9f-4dfa-8ab6-c40b5a30550f,f189c2c2-a09f-4189-9c20-dc7d678b333a,56b7d9cc-d424-4b83-9020-a020942874f4,88b3fd6e-dfa0-4601-b1bd-3edf4f602e01,
tch_20200710-165305_52,2723326e-c2a2-11ea-89f8-0242ac110002,std_1594381229062_52,class_20200710-165305_52,7UBy-vDdQ,c3558bcf-4651-4d30-921b-d6d4f13ca220,31a9aea8-b189-43d2-88de-8bb90c12b14d,39af4843-8998-4205-9249-6ceda0c30db5,1d10c8bc-38c8-4038-bbcd-0b4026d589d0,78eb0653-2583-4ecd-a4f5-e01082d1464a,
tch_20200710-165305_36,2712917c-c2a2-11ea-89f8-0242ac110002,std_1594381228920_36,class_20200710-165305_36,TChs-ezKB,4c164e08-5280-4fc1-8ed9-2eb1e83a06b7,c3420a6c-1732-4d51-b21d-9aa9b241a820,465a2f92-e17d-4f22-8010-3fd133c9f89b,7028ce1f-c128-464b-836a-a6737518d3db,28aa0c11-8768-4696-956a-5210ac98b21b,
tch_20200710-165305_46,2b3d4f42-c2a2-11ea-96b3-0242ac110002,std_1594381235929_46,class_20200710-165305_46,7j4y-9J3j,75fc6636-b5cb-4cad-a4c8-502641cc4a5c,aa7b608e-e228-42c3-8a36-0e5150ec5c03,9907b3f6-333a-49ce-9ef8-88958a16bf6e,8a159db8-9fdc-4bdc-acf8-bbba36ef04a6,e1ca8658-b141-4cec-82c9-2ab2ccdd4443,
tch_20200710-165305_51,29bd8c9a-c2a2-11ea-96b3-0242ac110002,std_1594381233451_51,class_20200710-165305_51,Fn9B-bt2h,e19183bc-bfb0-4d63-a7fa-57b17074bf88,271412c4-6589-4a60-80ad-249a5374cf84,0cc0817f-7f86-4593-84b2-c69f9e407ec8,168deb3c-1d8a-4c78-98e8-e1a5246e7264,6073af4c-bf74-444e-b83a-6c5f80f84350,
tch_20200710-165305_33,2c46f6ea-c2a2-11ea-96b3-0242ac110002,std_1594381237699_33,class_20200710-165305_33,n7Xr-v82b,fe423a1b-a07e-485e-8f76-5fcd5c07294d,7837089c-9dd8-40d7-bdfe-0606df4989f1,96238734-ca1b-4bca-ab7c-7d41e50d46c1,381b788e-79d0-4b4e-b94b-ebd7817a381c,9048d6e6-2c78-4fc8-bd56-5e93951e0073,
tch_20200710-165305_42,29b04607-c2a2-11ea-96b3-0242ac110002,std_1594381233354_42,class_20200710-165305_42,LQ23-wQZY,0239bea9-22bf-4462-9192-393b5e2e5ecc,2c78541b-792e-48d3-861b-e5eedd019d0e,2951b501-c7e9-4a0a-84a1-a98d522422ef,a9af7fcf-058a-4973-940c-08580ade9438,0c4ae136-91f6-4e30-91ec-a7b430579909,
tch_20200710-165305_44,2cd7c4dd-c2a2-11ea-af23-0242ac110002,std_1594381238624_44,class_20200710-165305_44,V3GB-9NkZ,1a92fee8-9ca6-48cb-bd0c-aeac83c5679d,c7fe462a-569e-467c-b93a-0807be168973,36626162-e6ee-4081-bc31-a70b50848fbd,c516bfbe-6366-4ce9-a13e-ea927c3b1a55,efc44269-e27b-4837-bbbe-ac2c0189c9e4,
tch_20200710-165305_35,2d5f449e-c2a2-11ea-96b3-0242ac110002,std_1594381239546_35,class_20200710-165305_35,Vz6W-7wRH,8ef4807f-67e1-4150-a2b5-4f273ddcdffe,d58e237e-066b-478e-bd53-b91eabf1ae50,49891d66-090e-4342-af90-d4199791f522,2a4039d4-4596-4635-a818-d3410d4adaaf,d4b92aa9-f447-4195-a31c-f6d214dabc1c,
tch_20200710-165305_40,2cbd85e2-c2a2-11ea-af23-0242ac110002,std_1594381238476_40,class_20200710-165305_40,rfZ7-TifY,40506043-8820-47a9-9c75-5120b44bf414,f94931b7-8076-4707-a38c-7366119fdba6,9a22f1c7-4494-491f-87ba-0475469842e1,61b63e28-be5a-426a-9a7b-27751c1e1980,ba3645ad-4499-4c68-ad00-13dafe240fb4,
tch_20200710-165305_32,3077331d-c2a2-11ea-af23-0242ac110002,std_1594381244745_32,class_20200710-165305_32,6CVC-DguK,d0b86226-12a7-4e61-b20e-5b60561d5af1,098dfca6-c11a-45eb-b732-a48145178f56,06ced54b-c68b-4c8e-9e3e-87055916f173,cb4265a1-2ea6-4e73-bb16-38dd76dc6627,2052ca7b-7c3a-4444-a2fe-a14eef6a86f3,
tch_20200710-165305_45,2de4a0f9-c2a2-11ea-acee-0242ac110002,std_1594381240415_45,class_20200710-165305_45,jhaP-iAb3,c6988106-4db2-4724-8e5e-cac94d21ddc3,d9c157f7-1529-4233-98a7-44edec18ab3a,dd11dd0a-c321-47af-9cc9-3e0be7091b12,1019329f-acd5-480e-b3eb-0d2b28292952,09221674-8465-454b-9a09-8ce31e64897f,
tch_20200710-165305_34,2f6f11ad-c2a2-11ea-af23-0242ac110002,std_1594381243011_34,class_20200710-165305_34,V69H-nzTE,4e31a80d-8f34-4830-a1d0-6ed176d72c4c,3a030ed0-aae1-4308-886a-991a29551680,42606a56-2223-4b50-a774-d385385f25fd,299924b3-e030-4472-b44c-75d9585cee06,dbf365ae-8679-43a3-9108-898b2574f041,
tch_20200710-165305_55,2f7fb3dc-c2a2-11ea-89f8-0242ac110002,std_1594381242823_55,class_20200710-165305_55,pumT-uF43,5c30b301-0f22-4c23-bbba-2411fa97e0d0,314e9f5c-f88c-49af-b885-d2c39f198990,7d40632d-d766-49ba-b8f9-d707a4ffdb32,0cb92745-5a0e-41d1-90ca-b88c31f4ab27,549ef6b6-4f94-4bba-a452-594ff092884f,
tch_20200710-165305_41,31b61bed-c2a2-11ea-acee-0242ac110002,std_1594381246742_41,class_20200710-165305_41,h278-t8gr,b8983bc0-de42-40a0-a873-d58a75f10cc8,7e2a7d8c-2322-41bb-96a1-3cc4fea11f80,06592014-3005-4be7-9b11-603cb4d0ad4d,85c6d5a5-1d7a-4718-849f-6edda0a91c86,4fd853cc-822d-455f-ac85-f6b053fbfe36,
tch_20200710-165305_50,30ad378c-c2a2-11ea-96b3-0242ac110002,std_1594381245050_50,class_20200710-165305_50,unZ3-8FYi,71ba0202-7af3-43db-9cad-eb06056265f9,8c830248-b488-4147-9292-eaff523ff0f4,f75e1449-7c13-4df2-a4ce-626d02f927a8,92206d84-b00d-4da5-b834-b67a4234be08,5bf1e66c-b302-442f-b91b-97ce0b6f5f5a,
tch_20200710-165305_37,308bcbfd-c2a2-11ea-acee-0242ac110002,std_1594381244845_37,class_20200710-165305_37,dE8N-6jyd,2e329516-357f-4130-808e-c7bacf1fe717,8cb410ae-5739-4f40-8beb-f641c367aa5b,3a8cf288-c4a1-4a2d-8173-53dd8bc21d88,6a06502a-256c-4336-a099-77126df3e1c5,81491b43-8f60-4366-a48d-569995b0a465,
tch_20200710-165305_48,2f33b623-c2a2-11ea-89f8-0242ac110002,std_1594381242613_48,class_20200710-165305_48,9MBt-Ty7V,44527a62-c093-493c-ad05-24602b621fc8,3b6e4e95-a336-431d-bb9d-a28891ece2ec,085b3aa3-073c-4780-9774-de50e7725afb,8c904cf4-0f25-4681-ad42-8e338e12e455,af64afdd-8b69-40aa-8c2e-2413958c9a0e,
tch_20200710-165305_49,30dcd2f2-c2a2-11ea-acee-0242ac110002,std_1594381245402_49,class_20200710-165305_49,2J7z-onsB,cf6f34b7-2cb2-4a81-b8c7-365ee96f51ea,d91d4fdc-1be3-45e0-9592-b3c2227d71d6,02a3050c-7147-40ce-89f7-e272c10199e3,70a0d91d-5166-4411-ba4c-335634ffde76,7100efe4-b037-467a-af83-a5220765bcf6,
tch_20200710-165305_54,3307c93c-c2a2-11ea-af23-0242ac110002,std_1594381249031_54,class_20200710-165305_54,fYeE-QAQi,d4856b82-c700-4fdb-b9a2-3e42ee7cc181,7a7edc27-c5fd-4fb1-9e45-b59c6328eba8,8605fb1c-38d1-4af4-87d8-274eb5dc53b0,81fef65a-42dc-465d-949e-b89a3585477c,a8d49cee-f5eb-410e-8ae0-76c2c066b6b8,
tch_20200710-165305_43,331ed375-c2a2-11ea-acee-0242ac110002,std_1594381249184_43,class_20200710-165305_43,768F-7H2o,b04cbe99-4f99-4093-b830-9eafdc45bc9e,f40caa7e-dbae-435b-9294-55b8b80478b5,8a9f9c0e-7009-41ff-82da-7f2edcc84a05,43771258-ab3f-453e-adec-4c973e6b4050,8ca9a3fd-e685-41fd-b2a2-37ec483249ef,
tch_20200710-165305_39,355a44d0-c2a2-11ea-acee-0242ac110002,std_1594381252874_39,class_20200710-165305_39,4V8u-U6es,9d3bec6b-aa45-4329-bbf6-4226efb7445b,6221f441-aa7e-43dc-9593-1890bd65bef9,441c1a16-833a-4123-96e8-1a53d75c430c,1ec02326-53d3-4511-be0c-1fcfaee83a30,69092ba0-0576-4837-8789-8b658d11a410,
tch_20200710-165305_53,33dad073-c2a2-11ea-acee-0242ac110002,std_1594381250404_53,class_20200710-165305_53,uHxj-Ls8t,a2828061-2dbb-467b-ae99-206f785e3f8a,ace623a2-60da-4b8c-baf4-67ff7cd42e5a,d2361723-8fc6-4dd1-8d35-c2371a320737,b1f2e40c-b2a3-4719-8fb2-625f0a27ecac,293a48fe-55b3-447e-86e2-e521ccf426bc,
tch_20200710-165305_38,325a4adb-c2a2-11ea-acee-0242ac110002,std_1594381247894_38,class_20200710-165305_38,gy7v-7GPE,7c9db882-eb40-44a5-9652-80c2338f65c2,ad7a2c6e-1689-40f6-93c0-b6f9ac3f0ec0,e143162c-4c2f-409e-9225-c95f9da4b9bf,d25f61eb-a1b0-41af-b49b-89111fdad7c6,6e59e28f-f1f3-408e-b51e-aa72489834e4,
tch_20200710-165305_47,35a7ef5a-c2a2-11ea-af23-0242ac110002,std_1594381253377_47,class_20200710-165305_47,y4up-Rez6,61b9316a-cfc0-43ba-b1fd-ea65bb68e202,7bc6091d-0a9f-4dfa-8ab6-c40b5a30550f,f189c2c2-a09f-4189-9c20-dc7d678b333a,56b7d9cc-d424-4b83-9020-a020942874f4,88b3fd6e-dfa0-4601-b1bd-3edf4f602e01,
tch_20200710-165305_46,376ef3ce-c2a2-11ea-af23-0242ac110002,std_1594381256431_46,class_20200710-165305_46,7j4y-9J3j,75fc6636-b5cb-4cad-a4c8-502641cc4a5c,aa7b608e-e228-42c3-8a36-0e5150ec5c03,9907b3f6-333a-49ce-9ef8-88958a16bf6e,8a159db8-9fdc-4bdc-acf8-bbba36ef04a6,e1ca8658-b141-4cec-82c9-2ab2ccdd4443,
tch_20200710-165305_36,3686dd5a-c2a2-11ea-96b3-0242ac110002,std_1594381254901_36,class_20200710-165305_36,TChs-ezKB,4c164e08-5280-4fc1-8ed9-2eb1e83a06b7,c3420a6c-1732-4d51-b21d-9aa9b241a820,465a2f92-e17d-4f22-8010-3fd133c9f89b,7028ce1f-c128-464b-836a-a6737518d3db,28aa0c11-8768-4696-956a-5210ac98b21b,
tch_20200710-165305_52,35f376c8-c2a2-11ea-89f8-0242ac110002,std_1594381253925_52,class_20200710-165305_52,7UBy-vDdQ,c3558bcf-4651-4d30-921b-d6d4f13ca220,31a9aea8-b189-43d2-88de-8bb90c12b14d,39af4843-8998-4205-9249-6ceda0c30db5,1d10c8bc-38c8-4038-bbcd-0b4026d589d0,78eb0653-2583-4ecd-a4f5-e01082d1464a,
tch_20200710-165305_44,3a08630c-c2a2-11ea-89f8-0242ac110002,std_1594381260767_44,class_20200710-165305_44,V3GB-9NkZ,1a92fee8-9ca6-48cb-bd0c-aeac83c5679d,c7fe462a-569e-467c-b93a-0807be168973,36626162-e6ee-4081-bc31-a70b50848fbd,c516bfbe-6366-4ce9-a13e-ea927c3b1a55,efc44269-e27b-4837-bbbe-ac2c0189c9e4,
tch_20200710-165305_42,392b705b-c2a2-11ea-acee-0242ac110002,std_1594381259259_42,class_20200710-165305_42,LQ23-wQZY,0239bea9-22bf-4462-9192-393b5e2e5ecc,2c78541b-792e-48d3-861b-e5eedd019d0e,2951b501-c7e9-4a0a-84a1-a98d522422ef,a9af7fcf-058a-4973-940c-08580ade9438,0c4ae136-91f6-4e30-91ec-a7b430579909,
tch_20200710-165305_33,38f3e598-c2a2-11ea-89f8-0242ac110002,std_1594381258960_33,class_20200710-165305_33,n7Xr-v82b,fe423a1b-a07e-485e-8f76-5fcd5c07294d,7837089c-9dd8-40d7-bdfe-0606df4989f1,96238734-ca1b-4bca-ab7c-7d41e50d46c1,381b788e-79d0-4b4e-b94b-ebd7817a381c,9048d6e6-2c78-4fc8-bd56-5e93951e0073,
tch_20200710-165305_51,3855f843-c2a2-11ea-96b3-0242ac110002,std_1594381257899_51,class_20200710-165305_51,Fn9B-bt2h,e19183bc-bfb0-4d63-a7fa-57b17074bf88,271412c4-6589-4a60-80ad-249a5374cf84,0cc0817f-7f86-4593-84b2-c69f9e407ec8,168deb3c-1d8a-4c78-98e8-e1a5246e7264,6073af4c-bf74-444e-b83a-6c5f80f84350,
tch_20200710-165305_40,3b55a40a-c2a2-11ea-af23-0242ac110002,std_1594381262962_40,class_20200710-165305_40,rfZ7-TifY,40506043-8820-47a9-9c75-5120b44bf414,f94931b7-8076-4707-a38c-7366119fdba6,9a22f1c7-4494-491f-87ba-0475469842e1,61b63e28-be5a-426a-9a7b-27751c1e1980,ba3645ad-4499-4c68-ad00-13dafe240fb4,
tch_20200710-165305_35,3a9f9a32-c2a2-11ea-acee-0242ac110002,std_1594381261766_35,class_20200710-165305_35,Vz6W-7wRH,8ef4807f-67e1-4150-a2b5-4f273ddcdffe,d58e237e-066b-478e-bd53-b91eabf1ae50,49891d66-090e-4342-af90-d4199791f522,2a4039d4-4596-4635-a818-d3410d4adaaf,d4b92aa9-f447-4195-a31c-f6d214dabc1c,
tch_20200710-165305_45,3ca46a5b-c2a2-11ea-af23-0242ac110002,std_1594381265156_45,class_20200710-165305_45,jhaP-iAb3,c6988106-4db2-4724-8e5e-cac94d21ddc3,d9c157f7-1529-4233-98a7-44edec18ab3a,dd11dd0a-c321-47af-9cc9-3e0be7091b12,1019329f-acd5-480e-b3eb-0d2b28292952,09221674-8465-454b-9a09-8ce31e64897f,
tch_20200710-165305_55,3d3f4ac8-c2a2-11ea-af23-0242ac110002,std_1594381266177_55,class_20200710-165305_55,pumT-uF43,5c30b301-0f22-4c23-bbba-2411fa97e0d0,314e9f5c-f88c-49af-b885-d2c39f198990,7d40632d-d766-49ba-b8f9-d707a4ffdb32,0cb92745-5a0e-41d1-90ca-b88c31f4ab27,549ef6b6-4f94-4bba-a452-594ff092884f,
tch_20200710-165305_34,3ccba1f2-c2a2-11ea-acee-0242ac110002,std_1594381265395_34,class_20200710-165305_34,V69H-nzTE,4e31a80d-8f34-4830-a1d0-6ed176d72c4c,3a030ed0-aae1-4308-886a-991a29551680,42606a56-2223-4b50-a774-d385385f25fd,299924b3-e030-4472-b44c-75d9585cee06,dbf365ae-8679-43a3-9108-898b2574f041,
tch_20200710-165305_41,3da6bf41-c2a2-11ea-acee-0242ac110002,std_1594381266833_41,class_20200710-165305_41,h278-t8gr,b8983bc0-de42-40a0-a873-d58a75f10cc8,7e2a7d8c-2322-41bb-96a1-3cc4fea11f80,06592014-3005-4be7-9b11-603cb4d0ad4d,85c6d5a5-1d7a-4718-849f-6edda0a91c86,4fd853cc-822d-455f-ac85-f6b053fbfe36,
tch_20200710-165305_56,3d9cd4f5-c2a2-11ea-acee-0242ac110002,std_1594381266485_56,class_20200710-165305_56,2wYz-Wg3K,50895f2c-a88d-4b39-b898-e3838607a07a,75b97bcb-3ab2-440e-a8e3-dd6464c23c5e,52b7bdc8-acf6-48bb-bec6-1adc969a478d,65a7be10-4b6f-4007-b8cc-a188c6c1e2bc,f811c93c-6879-46fc-804d-0f038b895015,
tch_20200710-165305_37,3e5fd661-c2a2-11ea-acee-0242ac110002,std_1594381268049_37,class_20200710-165305_37,dE8N-6jyd,2e329516-357f-4130-808e-c7bacf1fe717,8cb410ae-5739-4f40-8beb-f641c367aa5b,3a8cf288-c4a1-4a2d-8173-53dd8bc21d88,6a06502a-256c-4336-a099-77126df3e1c5,81491b43-8f60-4366-a48d-569995b0a465,
tch_20200710-165305_49,3f711f27-c2a2-11ea-89f8-0242ac110002,std_1594381269835_49,class_20200710-165305_49,2J7z-onsB,cf6f34b7-2cb2-4a81-b8c7-365ee96f51ea,d91d4fdc-1be3-45e0-9592-b3c2227d71d6,02a3050c-7147-40ce-89f7-e272c10199e3,70a0d91d-5166-4411-ba4c-335634ffde76,7100efe4-b037-467a-af83-a5220765bcf6,
tch_20200710-165305_50,3dd5be8d-c2a2-11ea-89f8-0242ac110002,std_1594381267162_50,class_20200710-165305_50,unZ3-8FYi,71ba0202-7af3-43db-9cad-eb06056265f9,8c830248-b488-4147-9292-eaff523ff0f4,f75e1449-7c13-4df2-a4ce-626d02f927a8,92206d84-b00d-4da5-b834-b67a4234be08,5bf1e66c-b302-442f-b91b-97ce0b6f5f5a,
tch_20200710-165305_54,3f8199d6-c2a2-11ea-af23-0242ac110002,std_1594381269942_54,class_20200710-165305_54,fYeE-QAQi,d4856b82-c700-4fdb-b9a2-3e42ee7cc181,7a7edc27-c5fd-4fb1-9e45-b59c6328eba8,8605fb1c-38d1-4af4-87d8-274eb5dc53b0,81fef65a-42dc-465d-949e-b89a3585477c,a8d49cee-f5eb-410e-8ae0-76c2c066b6b8,
tch_20200710-165305_48,3e6cced6-c2a2-11ea-acee-0242ac110002,std_1594381268154_48,class_20200710-165305_48,9MBt-Ty7V,44527a62-c093-493c-ad05-24602b621fc8,3b6e4e95-a336-431d-bb9d-a28891ece2ec,085b3aa3-073c-4780-9774-de50e7725afb,8c904cf4-0f25-4681-ad42-8e338e12e455,af64afdd-8b69-40aa-8c2e-2413958c9a0e,
tch_20200710-165305_43,409183dc-c2a2-11ea-acee-0242ac110002,std_1594381271721_43,class_20200710-165305_43,768F-7H2o,b04cbe99-4f99-4093-b830-9eafdc45bc9e,f40caa7e-dbae-435b-9294-55b8b80478b5,8a9f9c0e-7009-41ff-82da-7f2edcc84a05,43771258-ab3f-453e-adec-4c973e6b4050,8ca9a3fd-e685-41fd-b2a2-37ec483249ef,
tch_20200710-165305_53,41e21f86-c2a2-11ea-89f8-0242ac110002,std_1594381273944_53,class_20200710-165305_53,uHxj-Ls8t,a2828061-2dbb-467b-ae99-206f785e3f8a,ace623a2-60da-4b8c-baf4-67ff7cd42e5a,d2361723-8fc6-4dd1-8d35-c2371a320737,b1f2e40c-b2a3-4719-8fb2-625f0a27ecac,293a48fe-55b3-447e-86e2-e521ccf426bc,
tch_20200710-165305_39,411c36fc-c2a2-11ea-96b3-0242ac110002,std_1594381272649_39,class_20200710-165305_39,4V8u-U6es,9d3bec6b-aa45-4329-bbf6-4226efb7445b,6221f441-aa7e-43dc-9593-1890bd65bef9,441c1a16-833a-4123-96e8-1a53d75c430c,1ec02326-53d3-4511-be0c-1fcfaee83a30,69092ba0-0576-4837-8789-8b658d11a410,
tch_20200710-165305_38,42a94025-c2a2-11ea-96b3-0242ac110002,std_1594381275240_38,class_20200710-165305_38,gy7v-7GPE,7c9db882-eb40-44a5-9652-80c2338f65c2,ad7a2c6e-1689-40f6-93c0-b6f9ac3f0ec0,e143162c-4c2f-409e-9225-c95f9da4b9bf,d25f61eb-a1b0-41af-b49b-89111fdad7c6,6e59e28f-f1f3-408e-b51e-aa72489834e4,
tch_20200710-165305_47,430060e2-c2a2-11ea-af23-0242ac110002,std_1594381275816_47,class_20200710-165305_47,y4up-Rez6,61b9316a-cfc0-43ba-b1fd-ea65bb68e202,7bc6091d-0a9f-4dfa-8ab6-c40b5a30550f,f189c2c2-a09f-4189-9c20-dc7d678b333a,56b7d9cc-d424-4b83-9020-a020942874f4,88b3fd6e-dfa0-4601-b1bd-3edf4f602e01,
tch_20200710-165305_46,441a3545-c2a2-11ea-af23-0242ac110002,std_1594381277641_46,class_20200710-165305_46,7j4y-9J3j,75fc6636-b5cb-4cad-a4c8-502641cc4a5c,aa7b608e-e228-42c3-8a36-0e5150ec5c03,9907b3f6-333a-49ce-9ef8-88958a16bf6e,8a159db8-9fdc-4bdc-acf8-bbba36ef04a6,e1ca8658-b141-4cec-82c9-2ab2ccdd4443,
tch_20200710-165305_42,463bb56a-c2a2-11ea-89f8-0242ac110002,std_1594381281223_42,class_20200710-165305_42,LQ23-wQZY,0239bea9-22bf-4462-9192-393b5e2e5ecc,2c78541b-792e-48d3-861b-e5eedd019d0e,2951b501-c7e9-4a0a-84a1-a98d522422ef,a9af7fcf-058a-4973-940c-08580ade9438,0c4ae136-91f6-4e30-91ec-a7b430579909,
tch_20200710-165305_44,45eece62-c2a2-11ea-af23-0242ac110002,std_1594381280747_44,class_20200710-165305_44,V3GB-9NkZ,1a92fee8-9ca6-48cb-bd0c-aeac83c5679d,c7fe462a-569e-467c-b93a-0807be168973,36626162-e6ee-4081-bc31-a70b50848fbd,c516bfbe-6366-4ce9-a13e-ea927c3b1a55,efc44269-e27b-4837-bbbe-ac2c0189c9e4,
tch_20200710-165305_36,451cb112-c2a2-11ea-af23-0242ac110002,std_1594381279343_36,class_20200710-165305_36,TChs-ezKB,4c164e08-5280-4fc1-8ed9-2eb1e83a06b7,c3420a6c-1732-4d51-b21d-9aa9b241a820,465a2f92-e17d-4f22-8010-3fd133c9f89b,7028ce1f-c128-464b-836a-a6737518d3db,28aa0c11-8768-4696-956a-5210ac98b21b,
tch_20200710-165305_52,45c350f8-c2a2-11ea-96b3-0242ac110002,std_1594381280390_52,class_20200710-165305_52,7UBy-vDdQ,c3558bcf-4651-4d30-921b-d6d4f13ca220,31a9aea8-b189-43d2-88de-8bb90c12b14d,39af4843-8998-4205-9249-6ceda0c30db5,1d10c8bc-38c8-4038-bbcd-0b4026d589d0,78eb0653-2583-4ecd-a4f5-e01082d1464a,
tch_20200710-165305_51,46f800b7-c2a2-11ea-af23-0242ac110002,std_1594381282478_51,class_20200710-165305_51,Fn9B-bt2h,e19183bc-bfb0-4d63-a7fa-57b17074bf88,271412c4-6589-4a60-80ad-249a5374cf84,0cc0817f-7f86-4593-84b2-c69f9e407ec8,168deb3c-1d8a-4c78-98e8-e1a5246e7264,6073af4c-bf74-444e-b83a-6c5f80f84350,
tch_20200710-165305_40,48db3f2c-c2a2-11ea-af23-0242ac110002,std_1594381285648_40,class_20200710-165305_40,rfZ7-TifY,40506043-8820-47a9-9c75-5120b44bf414,f94931b7-8076-4707-a38c-7366119fdba6,9a22f1c7-4494-491f-87ba-0475469842e1,61b63e28-be5a-426a-9a7b-27751c1e1980,ba3645ad-4499-4c68-ad00-13dafe240fb4,
tch_20200710-165305_57,45f3d6e5-c2a2-11ea-acee-0242ac110002,std_1594381280436_57,class_20200710-165305_57,ebfW-4dCR,f44ded3d-91d1-4120-8ea1-c5c1fbef4574,b5a7598e-689b-448b-b707-b884eeb10a02,f8704992-0893-44eb-933b-9274c1d00e90,7ff6a205-52db-4ae5-b6dd-98d1f60ef836,159ee5c4-d4f2-4d56-a517-2e457341bb96,
tch_20200710-165305_34,4a18c8a5-c2a2-11ea-af23-0242ac110002,std_1594381287729_34,class_20200710-165305_34,V69H-nzTE,4e31a80d-8f34-4830-a1d0-6ed176d72c4c,3a030ed0-aae1-4308-886a-991a29551680,42606a56-2223-4b50-a774-d385385f25fd,299924b3-e030-4472-b44c-75d9585cee06,dbf365ae-8679-43a3-9108-898b2574f041,
tch_20200710-165305_55,4a16a53f-c2a2-11ea-96b3-0242ac110002,std_1594381287720_55,class_20200710-165305_55,pumT-uF43,5c30b301-0f22-4c23-bbba-2411fa97e0d0,314e9f5c-f88c-49af-b885-d2c39f198990,7d40632d-d766-49ba-b8f9-d707a4ffdb32,0cb92745-5a0e-41d1-90ca-b88c31f4ab27,549ef6b6-4f94-4bba-a452-594ff092884f,
tch_20200710-165305_35,491ae075-c2a2-11ea-89f8-0242ac110002,std_1594381286056_35,class_20200710-165305_35,Vz6W-7wRH,8ef4807f-67e1-4150-a2b5-4f273ddcdffe,d58e237e-066b-478e-bd53-b91eabf1ae50,49891d66-090e-4342-af90-d4199791f522,2a4039d4-4596-4635-a818-d3410d4adaaf,d4b92aa9-f447-4195-a31c-f6d214dabc1c,
tch_20200710-165305_45,4a07ff8e-c2a2-11ea-acee-0242ac110002,std_1594381287591_45,class_20200710-165305_45,jhaP-iAb3,c6988106-4db2-4724-8e5e-cac94d21ddc3,d9c157f7-1529-4233-98a7-44edec18ab3a,dd11dd0a-c321-47af-9cc9-3e0be7091b12,1019329f-acd5-480e-b3eb-0d2b28292952,09221674-8465-454b-9a09-8ce31e64897f,
tch_20200710-165305_56,4ab38189-c2a2-11ea-acee-0242ac110002,std_1594381288744_56,class_20200710-165305_56,2wYz-Wg3K,50895f2c-a88d-4b39-b898-e3838607a07a,75b97bcb-3ab2-440e-a8e3-dd6464c23c5e,52b7bdc8-acf6-48bb-bec6-1adc969a478d,65a7be10-4b6f-4007-b8cc-a188c6c1e2bc,f811c93c-6879-46fc-804d-0f038b895015,
tch_20200710-165305_41,4a6ae01a-c2a2-11ea-acee-0242ac110002,std_1594381288271_41,class_20200710-165305_41,h278-t8gr,b8983bc0-de42-40a0-a873-d58a75f10cc8,7e2a7d8c-2322-41bb-96a1-3cc4fea11f80,06592014-3005-4be7-9b11-603cb4d0ad4d,85c6d5a5-1d7a-4718-849f-6edda0a91c86,4fd853cc-822d-455f-ac85-f6b053fbfe36,
tch_20200710-165305_48,4d541d7f-c2a2-11ea-af23-0242ac110002,std_1594381293144_48,class_20200710-165305_48,9MBt-Ty7V,44527a62-c093-493c-ad05-24602b621fc8,3b6e4e95-a336-431d-bb9d-a28891ece2ec,085b3aa3-073c-4780-9774-de50e7725afb,8c904cf4-0f25-4681-ad42-8e338e12e455,af64afdd-8b69-40aa-8c2e-2413958c9a0e,
tch_20200710-165305_54,4d20ff55-c2a2-11ea-89f8-0242ac110002,std_1594381292786_54,class_20200710-165305_54,fYeE-QAQi,d4856b82-c700-4fdb-b9a2-3e42ee7cc181,7a7edc27-c5fd-4fb1-9e45-b59c6328eba8,8605fb1c-38d1-4af4-87d8-274eb5dc53b0,81fef65a-42dc-465d-949e-b89a3585477c,a8d49cee-f5eb-410e-8ae0-76c2c066b6b8,
tch_20200710-165305_50,4c2783ec-c2a2-11ea-89f8-0242ac110002,std_1594381291163_50,class_20200710-165305_50,unZ3-8FYi,71ba0202-7af3-43db-9cad-eb06056265f9,8c830248-b488-4147-9292-eaff523ff0f4,f75e1449-7c13-4df2-a4ce-626d02f927a8,92206d84-b00d-4da5-b834-b67a4234be08,5bf1e66c-b302-442f-b91b-97ce0b6f5f5a,
tch_20200710-165305_37,4b7d3a83-c2a2-11ea-af23-0242ac110002,std_1594381290061_37,class_20200710-165305_37,dE8N-6jyd,2e329516-357f-4130-808e-c7bacf1fe717,8cb410ae-5739-4f40-8beb-f641c367aa5b,3a8cf288-c4a1-4a2d-8173-53dd8bc21d88,6a06502a-256c-4336-a099-77126df3e1c5,81491b43-8f60-4366-a48d-569995b0a465,
tch_20200710-165305_49,4c12c406-c2a2-11ea-acee-0242ac110002,std_1594381290990_49,class_20200710-165305_49,2J7z-onsB,cf6f34b7-2cb2-4a81-b8c7-365ee96f51ea,d91d4fdc-1be3-45e0-9592-b3c2227d71d6,02a3050c-7147-40ce-89f7-e272c10199e3,70a0d91d-5166-4411-ba4c-335634ffde76,7100efe4-b037-467a-af83-a5220765bcf6,
tch_20200710-165305_46,508dc4c8-c2a2-11ea-96b3-0242ac110002,std_1594381298573_46,class_20200710-165305_46,7j4y-9J3j,75fc6636-b5cb-4cad-a4c8-502641cc4a5c,aa7b608e-e228-42c3-8a36-0e5150ec5c03,9907b3f6-333a-49ce-9ef8-88958a16bf6e,8a159db8-9fdc-4bdc-acf8-bbba36ef04a6,e1ca8658-b141-4cec-82c9-2ab2ccdd4443,
tch_20200710-165305_38,4fc5930b-c2a2-11ea-acee-0242ac110002,std_1594381297255_38,class_20200710-165305_38,gy7v-7GPE,7c9db882-eb40-44a5-9652-80c2338f65c2,ad7a2c6e-1689-40f6-93c0-b6f9ac3f0ec0,e143162c-4c2f-409e-9225-c95f9da4b9bf,d25f61eb-a1b0-41af-b49b-89111fdad7c6,6e59e28f-f1f3-408e-b51e-aa72489834e4,
tch_20200710-165305_53,4f9470b8-c2a2-11ea-89f8-0242ac110002,std_1594381296911_53,class_20200710-165305_53,uHxj-Ls8t,a2828061-2dbb-467b-ae99-206f785e3f8a,ace623a2-60da-4b8c-baf4-67ff7cd42e5a,d2361723-8fc6-4dd1-8d35-c2371a320737,b1f2e40c-b2a3-4719-8fb2-625f0a27ecac,293a48fe-55b3-447e-86e2-e521ccf426bc,
tch_20200710-165305_43,4e0b110b-c2a2-11ea-acee-0242ac110002,std_1594381294363_43,class_20200710-165305_43,768F-7H2o,b04cbe99-4f99-4093-b830-9eafdc45bc9e,f40caa7e-dbae-435b-9294-55b8b80478b5,8a9f9c0e-7009-41ff-82da-7f2edcc84a05,43771258-ab3f-453e-adec-4c973e6b4050,8ca9a3fd-e685-41fd-b2a2-37ec483249ef,
tch_20200710-165305_47,5056fd01-c2a2-11ea-96b3-0242ac110002,std_1594381298188_47,class_20200710-165305_47,y4up-Rez6,61b9316a-cfc0-43ba-b1fd-ea65bb68e202,7bc6091d-0a9f-4dfa-8ab6-c40b5a30550f,f189c2c2-a09f-4189-9c20-dc7d678b333a,56b7d9cc-d424-4b83-9020-a020942874f4,88b3fd6e-dfa0-4601-b1bd-3edf4f602e01,
tch_20200710-165305_58,4eddf209-c2a2-11ea-af23-0242ac110002,std_1594381295452_58,class_20200710-165305_58,3eAU-m3w8,bfc142e3-1bd7-4e35-bd0d-8c222735e674,334f5abd-3a74-4bf2-aad4-ad1691932720,b6d14f94-885a-42fd-8b77-cdb812960806,0c88f10a-b9e6-4262-b356-57b8e22e632b,4b968926-ef5d-4acf-aab6-5d03cf3ccc92,
tch_20200710-165305_36,52950611-c2a2-11ea-acee-0242ac110002,std_1594381301906_36,class_20200710-165305_36,TChs-ezKB,4c164e08-5280-4fc1-8ed9-2eb1e83a06b7,c3420a6c-1732-4d51-b21d-9aa9b241a820,465a2f92-e17d-4f22-8010-3fd133c9f89b,7028ce1f-c128-464b-836a-a6737518d3db,28aa0c11-8768-4696-956a-5210ac98b21b,
tch_20200710-165305_39,4fa5fcd1-c2a2-11ea-af23-0242ac110002,std_1594381297036_39,class_20200710-165305_39,4V8u-U6es,9d3bec6b-aa45-4329-bbf6-4226efb7445b,6221f441-aa7e-43dc-9593-1890bd65bef9,441c1a16-833a-4123-96e8-1a53d75c430c,1ec02326-53d3-4511-be0c-1fcfaee83a30,69092ba0-0576-4837-8789-8b658d11a410,
tch_20200710-165305_44,52603ade-c2a2-11ea-acee-0242ac110002,std_1594381301577_44,class_20200710-165305_44,V3GB-9NkZ,1a92fee8-9ca6-48cb-bd0c-aeac83c5679d,c7fe462a-569e-467c-b93a-0807be168973,36626162-e6ee-4081-bc31-a70b50848fbd,c516bfbe-6366-4ce9-a13e-ea927c3b1a55,efc44269-e27b-4837-bbbe-ac2c0189c9e4,
tch_20200710-165305_42,5248bae3-c2a2-11ea-af23-0242ac110002,std_1594381301462_42,class_20200710-165305_42,LQ23-wQZY,0239bea9-22bf-4462-9192-393b5e2e5ecc,2c78541b-792e-48d3-861b-e5eedd019d0e,2951b501-c7e9-4a0a-84a1-a98d522422ef,a9af7fcf-058a-4973-940c-08580ade9438,0c4ae136-91f6-4e30-91ec-a7b430579909,
tch_20200710-165305_51,538bc245-c2a2-11ea-acee-0242ac110002,std_1594381303583_51,class_20200710-165305_51,Fn9B-bt2h,e19183bc-bfb0-4d63-a7fa-57b17074bf88,271412c4-6589-4a60-80ad-249a5374cf84,0cc0817f-7f86-4593-84b2-c69f9e407ec8,168deb3c-1d8a-4c78-98e8-e1a5246e7264,6073af4c-bf74-444e-b83a-6c5f80f84350,
tch_20200710-165305_52,52a7a3cc-c2a2-11ea-af23-0242ac110002,std_1594381302100_52,class_20200710-165305_52,7UBy-vDdQ,c3558bcf-4651-4d30-921b-d6d4f13ca220,31a9aea8-b189-43d2-88de-8bb90c12b14d,39af4843-8998-4205-9249-6ceda0c30db5,1d10c8bc-38c8-4038-bbcd-0b4026d589d0,78eb0653-2583-4ecd-a4f5-e01082d1464a,
tch_20200710-165305_40,54bfaed8-c2a2-11ea-96b3-0242ac110002,std_1594381305586_40,class_20200710-165305_40,rfZ7-TifY,40506043-8820-47a9-9c75-5120b44bf414,f94931b7-8076-4707-a38c-7366119fdba6,9a22f1c7-4494-491f-87ba-0475469842e1,61b63e28-be5a-426a-9a7b-27751c1e1980,ba3645ad-4499-4c68-ad00-13dafe240fb4,
tch_20200710-165305_57,551d1077-c2a2-11ea-af23-0242ac110002,std_1594381306221_57,class_20200710-165305_57,ebfW-4dCR,f44ded3d-91d1-4120-8ea1-c5c1fbef4574,b5a7598e-689b-448b-b707-b884eeb10a02,f8704992-0893-44eb-933b-9274c1d00e90,7ff6a205-52db-4ae5-b6dd-98d1f60ef836,159ee5c4-d4f2-4d56-a517-2e457341bb96,
tch_20200710-165305_55,57610d3d-c2a2-11ea-96b3-0242ac110002,std_1594381310013_55,class_20200710-165305_55,pumT-uF43,5c30b301-0f22-4c23-bbba-2411fa97e0d0,314e9f5c-f88c-49af-b885-d2c39f198990,7d40632d-d766-49ba-b8f9-d707a4ffdb32,0cb92745-5a0e-41d1-90ca-b88c31f4ab27,549ef6b6-4f94-4bba-a452-594ff092884f,
tch_20200710-165305_35,579081cb-c2a2-11ea-af23-0242ac110002,std_1594381310320_35,class_20200710-165305_35,Vz6W-7wRH,8ef4807f-67e1-4150-a2b5-4f273ddcdffe,d58e237e-066b-478e-bd53-b91eabf1ae50,49891d66-090e-4342-af90-d4199791f522,2a4039d4-4596-4635-a818-d3410d4adaaf,d4b92aa9-f447-4195-a31c-f6d214dabc1c,
tch_20200710-165305_54,59a0c496-c2a2-11ea-89f8-0242ac110002,std_1594381313790_54,class_20200710-165305_54,fYeE-QAQi,d4856b82-c700-4fdb-b9a2-3e42ee7cc181,7a7edc27-c5fd-4fb1-9e45-b59c6328eba8,8605fb1c-38d1-4af4-87d8-274eb5dc53b0,81fef65a-42dc-465d-949e-b89a3585477c,a8d49cee-f5eb-410e-8ae0-76c2c066b6b8,
tch_20200710-165305_41,58fa2379-c2a2-11ea-96b3-0242ac110002,std_1594381312633_41,class_20200710-165305_41,h278-t8gr,b8983bc0-de42-40a0-a873-d58a75f10cc8,7e2a7d8c-2322-41bb-96a1-3cc4fea11f80,06592014-3005-4be7-9b11-603cb4d0ad4d,85c6d5a5-1d7a-4718-849f-6edda0a91c86,4fd853cc-822d-455f-ac85-f6b053fbfe36,
tch_20200710-165305_45,57c3ee1c-c2a2-11ea-acee-0242ac110002,std_1594381310646_45,class_20200710-165305_45,jhaP-iAb3,c6988106-4db2-4724-8e5e-cac94d21ddc3,d9c157f7-1529-4233-98a7-44edec18ab3a,dd11dd0a-c321-47af-9cc9-3e0be7091b12,1019329f-acd5-480e-b3eb-0d2b28292952,09221674-8465-454b-9a09-8ce31e64897f,
tch_20200710-165305_56,57cdb241-c2a2-11ea-acee-0242ac110002,std_1594381310737_56,class_20200710-165305_56,2wYz-Wg3K,50895f2c-a88d-4b39-b898-e3838607a07a,75b97bcb-3ab2-440e-a8e3-dd6464c23c5e,52b7bdc8-acf6-48bb-bec6-1adc969a478d,65a7be10-4b6f-4007-b8cc-a188c6c1e2bc,f811c93c-6879-46fc-804d-0f038b895015,
tch_20200710-165305_37,59d149f9-c2a2-11ea-89f8-0242ac110002,std_1594381314039_37,class_20200710-165305_37,dE8N-6jyd,2e329516-357f-4130-808e-c7bacf1fe717,8cb410ae-5739-4f40-8beb-f641c367aa5b,3a8cf288-c4a1-4a2d-8173-53dd8bc21d88,6a06502a-256c-4336-a099-77126df3e1c5,81491b43-8f60-4366-a48d-569995b0a465,
tch_20200710-165305_59,5916ac9f-c2a2-11ea-96b3-0242ac110002,std_1594381312590_59,class_20200710-165305_59,uGoB-i9Xf,b20987dc-66d4-48fe-9c00-e96dbcfb1301,184ed715-fdfa-47b1-bfbf-97722c273054,2100c2f2-1162-43f4-93ad-a19d7cea98ad,5fdfe11b-9012-4a5a-a690-40ae98467308,aeb0b63d-ca7a-4fd2-8934-02d6a5bb63a7,
tch_20200710-165305_49,5a641428-c2a2-11ea-89f8-0242ac110002,std_1594381315050_49,class_20200710-165305_49,2J7z-onsB,cf6f34b7-2cb2-4a81-b8c7-365ee96f51ea,d91d4fdc-1be3-45e0-9592-b3c2227d71d6,02a3050c-7147-40ce-89f7-e272c10199e3,70a0d91d-5166-4411-ba4c-335634ffde76,7100efe4-b037-467a-af83-a5220765bcf6,
tch_20200710-165305_47,5d2c3501-c2a2-11ea-af23-0242ac110002,std_1594381319739_47,class_20200710-165305_47,y4up-Rez6,61b9316a-cfc0-43ba-b1fd-ea65bb68e202,7bc6091d-0a9f-4dfa-8ab6-c40b5a30550f,f189c2c2-a09f-4189-9c20-dc7d678b333a,56b7d9cc-d424-4b83-9020-a020942874f4,88b3fd6e-dfa0-4601-b1bd-3edf4f602e01,
tch_20200710-165305_48,5902d625-c2a2-11ea-96b3-0242ac110002,std_1594381312751_48,class_20200710-165305_48,9MBt-Ty7V,44527a62-c093-493c-ad05-24602b621fc8,3b6e4e95-a336-431d-bb9d-a28891ece2ec,085b3aa3-073c-4780-9774-de50e7725afb,8c904cf4-0f25-4681-ad42-8e338e12e455,af64afdd-8b69-40aa-8c2e-2413958c9a0e,
tch_20200710-165305_46,5c020c44-c2a2-11ea-af23-0242ac110002,std_1594381317777_46,class_20200710-165305_46,7j4y-9J3j,75fc6636-b5cb-4cad-a4c8-502641cc4a5c,aa7b608e-e228-42c3-8a36-0e5150ec5c03,9907b3f6-333a-49ce-9ef8-88958a16bf6e,8a159db8-9fdc-4bdc-acf8-bbba36ef04a6,e1ca8658-b141-4cec-82c9-2ab2ccdd4443,
tch_20200710-165305_53,5c854617-c2a2-11ea-96b3-0242ac110002,std_1594381318638_53,class_20200710-165305_53,uHxj-Ls8t,a2828061-2dbb-467b-ae99-206f785e3f8a,ace623a2-60da-4b8c-baf4-67ff7cd42e5a,d2361723-8fc6-4dd1-8d35-c2371a320737,b1f2e40c-b2a3-4719-8fb2-625f0a27ecac,293a48fe-55b3-447e-86e2-e521ccf426bc,
tch_20200710-165305_36,5d7b3f4e-c2a2-11ea-af23-0242ac110002,std_1594381320253_36,class_20200710-165305_36,TChs-ezKB,4c164e08-5280-4fc1-8ed9-2eb1e83a06b7,c3420a6c-1732-4d51-b21d-9aa9b241a820,465a2f92-e17d-4f22-8010-3fd133c9f89b,7028ce1f-c128-464b-836a-a6737518d3db,28aa0c11-8768-4696-956a-5210ac98b21b,
tch_20200710-165305_50,59c7acfe-c2a2-11ea-89f8-0242ac110002,std_1594381314037_50,class_20200710-165305_50,unZ3-8FYi,71ba0202-7af3-43db-9cad-eb06056265f9,8c830248-b488-4147-9292-eaff523ff0f4,f75e1449-7c13-4df2-a4ce-626d02f927a8,92206d84-b00d-4da5-b834-b67a4234be08,5bf1e66c-b302-442f-b91b-97ce0b6f5f5a,
tch_20200710-165305_43,5cd67408-c2a2-11ea-89f8-0242ac110002,std_1594381319113_43,class_20200710-165305_43,768F-7H2o,b04cbe99-4f99-4093-b830-9eafdc45bc9e,f40caa7e-dbae-435b-9294-55b8b80478b5,8a9f9c0e-7009-41ff-82da-7f2edcc84a05,43771258-ab3f-453e-adec-4c973e6b4050,8ca9a3fd-e685-41fd-b2a2-37ec483249ef,
tch_20200710-165305_39,5da3fc63-c2a2-11ea-96b3-0242ac110002,std_1594381320529_39,class_20200710-165305_39,4V8u-U6es,9d3bec6b-aa45-4329-bbf6-4226efb7445b,6221f441-aa7e-43dc-9593-1890bd65bef9,441c1a16-833a-4123-96e8-1a53d75c430c,1ec02326-53d3-4511-be0c-1fcfaee83a30,69092ba0-0576-4837-8789-8b658d11a410,
tch_20200710-165305_38,5c57f483-c2a2-11ea-89f8-0242ac110002,std_1594381318327_38,class_20200710-165305_38,gy7v-7GPE,7c9db882-eb40-44a5-9652-80c2338f65c2,ad7a2c6e-1689-40f6-93c0-b6f9ac3f0ec0,e143162c-4c2f-409e-9225-c95f9da4b9bf,d25f61eb-a1b0-41af-b49b-89111fdad7c6,6e59e28f-f1f3-408e-b51e-aa72489834e4,
tch_20200710-165305_42,5fa8f4fc-c2a2-11ea-af23-0242ac110002,std_1594381323904_42,class_20200710-165305_42,LQ23-wQZY,0239bea9-22bf-4462-9192-393b5e2e5ecc,2c78541b-792e-48d3-861b-e5eedd019d0e,2951b501-c7e9-4a0a-84a1-a98d522422ef,a9af7fcf-058a-4973-940c-08580ade9438,0c4ae136-91f6-4e30-91ec-a7b430579909,
tch_20200710-165305_58,5d4206a1-c2a2-11ea-acee-0242ac110002,std_1594381319861_58,class_20200710-165305_58,3eAU-m3w8,bfc142e3-1bd7-4e35-bd0d-8c222735e674,334f5abd-3a74-4bf2-aad4-ad1691932720,b6d14f94-885a-42fd-8b77-cdb812960806,0c88f10a-b9e6-4262-b356-57b8e22e632b,4b968926-ef5d-4acf-aab6-5d03cf3ccc92,
tch_20200710-165305_51,6004d028-c2a2-11ea-af23-0242ac110002,std_1594381324496_51,class_20200710-165305_51,Fn9B-bt2h,e19183bc-bfb0-4d63-a7fa-57b17074bf88,271412c4-6589-4a60-80ad-249a5374cf84,0cc0817f-7f86-4593-84b2-c69f9e407ec8,168deb3c-1d8a-4c78-98e8-e1a5246e7264,6073af4c-bf74-444e-b83a-6c5f80f84350,
tch_20200710-165305_44,5f298bc9-c2a2-11ea-acee-0242ac110002,std_1594381323057_44,class_20200710-165305_44,V3GB-9NkZ,1a92fee8-9ca6-48cb-bd0c-aeac83c5679d,c7fe462a-569e-467c-b93a-0807be168973,36626162-e6ee-4081-bc31-a70b50848fbd,c516bfbe-6366-4ce9-a13e-ea927c3b1a55,efc44269-e27b-4837-bbbe-ac2c0189c9e4,
tch_20200710-165305_40,61b8c206-c2a2-11ea-af23-0242ac110002,std_1594381327347_40,class_20200710-165305_40,rfZ7-TifY,40506043-8820-47a9-9c75-5120b44bf414,f94931b7-8076-4707-a38c-7366119fdba6,9a22f1c7-4494-491f-87ba-0475469842e1,61b63e28-be5a-426a-9a7b-27751c1e1980,ba3645ad-4499-4c68-ad00-13dafe240fb4,
tch_20200710-165305_57,62b68248-c2a2-11ea-acee-0242ac110002,std_1594381329024_57,class_20200710-165305_57,ebfW-4dCR,f44ded3d-91d1-4120-8ea1-c5c1fbef4574,b5a7598e-689b-448b-b707-b884eeb10a02,f8704992-0893-44eb-933b-9274c1d00e90,7ff6a205-52db-4ae5-b6dd-98d1f60ef836,159ee5c4-d4f2-4d56-a517-2e457341bb96,
tch_20200710-165305_52,61351285-c2a2-11ea-89f8-0242ac110002,std_1594381326499_52,class_20200710-165305_52,7UBy-vDdQ,c3558bcf-4651-4d30-921b-d6d4f13ca220,31a9aea8-b189-43d2-88de-8bb90c12b14d,39af4843-8998-4205-9249-6ceda0c30db5,1d10c8bc-38c8-4038-bbcd-0b4026d589d0,78eb0653-2583-4ecd-a4f5-e01082d1464a,
tch_20200710-165305_54,65026e45-c2a2-11ea-89f8-0242ac110002,std_1594381332886_54,class_20200710-165305_54,fYeE-QAQi,d4856b82-c700-4fdb-b9a2-3e42ee7cc181,7a7edc27-c5fd-4fb1-9e45-b59c6328eba8,8605fb1c-38d1-4af4-87d8-274eb5dc53b0,81fef65a-42dc-465d-949e-b89a3585477c,a8d49cee-f5eb-410e-8ae0-76c2c066b6b8,
tch_20200710-165305_41,656b1b91-c2a2-11ea-89f8-0242ac110002,std_1594381333578_41,class_20200710-165305_41,h278-t8gr,b8983bc0-de42-40a0-a873-d58a75f10cc8,7e2a7d8c-2322-41bb-96a1-3cc4fea11f80,06592014-3005-4be7-9b11-603cb4d0ad4d,85c6d5a5-1d7a-4718-849f-6edda0a91c86,4fd853cc-822d-455f-ac85-f6b053fbfe36,
tch_20200710-165305_55,6432e947-c2a2-11ea-96b3-0242ac110002,std_1594381331526_55,class_20200710-165305_55,pumT-uF43,5c30b301-0f22-4c23-bbba-2411fa97e0d0,314e9f5c-f88c-49af-b885-d2c39f198990,7d40632d-d766-49ba-b8f9-d707a4ffdb32,0cb92745-5a0e-41d1-90ca-b88c31f4ab27,549ef6b6-4f94-4bba-a452-594ff092884f,
tch_20200710-165305_60,65c437c8-c2a2-11ea-acee-0242ac110002,std_1594381333848_60,class_20200710-165305_60,tvNc-RXiH,5c4ee1f3-7097-423d-85d3-293efada9793,778be11e-75f1-4920-a95f-a5f7b4f2a02d,1dcecf79-5b37-4d4a-807f-88873ee51571,98c281b4-c5a3-42f6-b485-e7ceb319df70,b9ce065a-fec2-4065-9f67-ac1d245f306d,
tch_20200710-165305_48,687af303-c2a2-11ea-89f8-0242ac110002,std_1594381338670_48,class_20200710-165305_48,9MBt-Ty7V,44527a62-c093-493c-ad05-24602b621fc8,3b6e4e95-a336-431d-bb9d-a28891ece2ec,085b3aa3-073c-4780-9774-de50e7725afb,8c904cf4-0f25-4681-ad42-8e338e12e455,af64afdd-8b69-40aa-8c2e-2413958c9a0e,
tch_20200710-165305_53,6900c56b-c2a2-11ea-acee-0242ac110002,std_1594381339583_53,class_20200710-165305_53,uHxj-Ls8t,a2828061-2dbb-467b-ae99-206f785e3f8a,ace623a2-60da-4b8c-baf4-67ff7cd42e5a,d2361723-8fc6-4dd1-8d35-c2371a320737,b1f2e40c-b2a3-4719-8fb2-625f0a27ecac,293a48fe-55b3-447e-86e2-e521ccf426bc,
tch_20200710-165305_50,698c8a98-c2a2-11ea-89f8-0242ac110002,std_1594381340491_50,class_20200710-165305_50,unZ3-8FYi,71ba0202-7af3-43db-9cad-eb06056265f9,8c830248-b488-4147-9292-eaff523ff0f4,f75e1449-7c13-4df2-a4ce-626d02f927a8,92206d84-b00d-4da5-b834-b67a4234be08,5bf1e66c-b302-442f-b91b-97ce0b6f5f5a,
tch_20200710-165305_46,68e8a9a6-c2a2-11ea-af23-0242ac110002,std_1594381339422_46,class_20200710-165305_46,7j4y-9J3j,75fc6636-b5cb-4cad-a4c8-502641cc4a5c,aa7b608e-e228-42c3-8a36-0e5150ec5c03,9907b3f6-333a-49ce-9ef8-88958a16bf6e,8a159db8-9fdc-4bdc-acf8-bbba36ef04a6,e1ca8658-b141-4cec-82c9-2ab2ccdd4443,
tch_20200710-165305_45,66075be7-c2a2-11ea-96b3-0242ac110002,std_1594381334610_45,class_20200710-165305_45,jhaP-iAb3,c6988106-4db2-4724-8e5e-cac94d21ddc3,d9c157f7-1529-4233-98a7-44edec18ab3a,dd11dd0a-c321-47af-9cc9-3e0be7091b12,1019329f-acd5-480e-b3eb-0d2b28292952,09221674-8465-454b-9a09-8ce31e64897f,
tch_20200710-165305_56,677c483f-c2a2-11ea-acee-0242ac110002,std_1594381337025_56,class_20200710-165305_56,2wYz-Wg3K,50895f2c-a88d-4b39-b898-e3838607a07a,75b97bcb-3ab2-440e-a8e3-dd6464c23c5e,52b7bdc8-acf6-48bb-bec6-1adc969a478d,65a7be10-4b6f-4007-b8cc-a188c6c1e2bc,f811c93c-6879-46fc-804d-0f038b895015,
tch_20200710-165305_59,682e32a8-c2a2-11ea-89f8-0242ac110002,std_1594381338183_59,class_20200710-165305_59,uGoB-i9Xf,b20987dc-66d4-48fe-9c00-e96dbcfb1301,184ed715-fdfa-47b1-bfbf-97722c273054,2100c2f2-1162-43f4-93ad-a19d7cea98ad,5fdfe11b-9012-4a5a-a690-40ae98467308,aeb0b63d-ca7a-4fd2-8934-02d6a5bb63a7,
tch_20200710-165305_37,67a3cce8-c2a2-11ea-96b3-0242ac110002,std_1594381337289_37,class_20200710-165305_37,dE8N-6jyd,2e329516-357f-4130-808e-c7bacf1fe717,8cb410ae-5739-4f40-8beb-f641c367aa5b,3a8cf288-c4a1-4a2d-8173-53dd8bc21d88,6a06502a-256c-4336-a099-77126df3e1c5,81491b43-8f60-4366-a48d-569995b0a465,
tch_20200710-165305_47,685eb96b-c2a2-11ea-96b3-0242ac110002,std_1594381338501_47,class_20200710-165305_47,y4up-Rez6,61b9316a-cfc0-43ba-b1fd-ea65bb68e202,7bc6091d-0a9f-4dfa-8ab6-c40b5a30550f,f189c2c2-a09f-4189-9c20-dc7d678b333a,56b7d9cc-d424-4b83-9020-a020942874f4,88b3fd6e-dfa0-4601-b1bd-3edf4f602e01,
tch_20200710-165305_49,684cde7f-c2a2-11ea-89f8-0242ac110002,std_1594381338398_49,class_20200710-165305_49,2J7z-onsB,cf6f34b7-2cb2-4a81-b8c7-365ee96f51ea,d91d4fdc-1be3-45e0-9592-b3c2227d71d6,02a3050c-7147-40ce-89f7-e272c10199e3,70a0d91d-5166-4411-ba4c-335634ffde76,7100efe4-b037-467a-af83-a5220765bcf6,
tch_20200710-165305_39,69aff139-c2a2-11ea-acee-0242ac110002,std_1594381340723_39,class_20200710-165305_39,4V8u-U6es,9d3bec6b-aa45-4329-bbf6-4226efb7445b,6221f441-aa7e-43dc-9593-1890bd65bef9,441c1a16-833a-4123-96e8-1a53d75c430c,1ec02326-53d3-4511-be0c-1fcfaee83a30,69092ba0-0576-4837-8789-8b658d11a410,
tch_20200710-165305_42,6ba22423-c2a2-11ea-96b3-0242ac110002,std_1594381343988_42,class_20200710-165305_42,LQ23-wQZY,0239bea9-22bf-4462-9192-393b5e2e5ecc,2c78541b-792e-48d3-861b-e5eedd019d0e,2951b501-c7e9-4a0a-84a1-a98d522422ef,a9af7fcf-058a-4973-940c-08580ade9438,0c4ae136-91f6-4e30-91ec-a7b430579909,
tch_20200710-165305_43,69a7db22-c2a2-11ea-96b3-0242ac110002,std_1594381340674_43,class_20200710-165305_43,768F-7H2o,b04cbe99-4f99-4093-b830-9eafdc45bc9e,f40caa7e-dbae-435b-9294-55b8b80478b5,8a9f9c0e-7009-41ff-82da-7f2edcc84a05,43771258-ab3f-453e-adec-4c973e6b4050,8ca9a3fd-e685-41fd-b2a2-37ec483249ef,
tch_20200710-165305_51,6c9ab500-c2a2-11ea-acee-0242ac110002,std_1594381345610_51,class_20200710-165305_51,Fn9B-bt2h,e19183bc-bfb0-4d63-a7fa-57b17074bf88,271412c4-6589-4a60-80ad-249a5374cf84,0cc0817f-7f86-4593-84b2-c69f9e407ec8,168deb3c-1d8a-4c78-98e8-e1a5246e7264,6073af4c-bf74-444e-b83a-6c5f80f84350,
tch_20200710-165305_38,6b179700-c2a2-11ea-96b3-0242ac110002,std_1594381343046_38,class_20200710-165305_38,gy7v-7GPE,7c9db882-eb40-44a5-9652-80c2338f65c2,ad7a2c6e-1689-40f6-93c0-b6f9ac3f0ec0,e143162c-4c2f-409e-9225-c95f9da4b9bf,d25f61eb-a1b0-41af-b49b-89111fdad7c6,6e59e28f-f1f3-408e-b51e-aa72489834e4,
tch_20200710-165305_58,6be2af88-c2a2-11ea-af23-0242ac110002,std_1594381344377_58,class_20200710-165305_58,3eAU-m3w8,bfc142e3-1bd7-4e35-bd0d-8c222735e674,334f5abd-3a74-4bf2-aad4-ad1691932720,b6d14f94-885a-42fd-8b77-cdb812960806,0c88f10a-b9e6-4262-b356-57b8e22e632b,4b968926-ef5d-4acf-aab6-5d03cf3ccc92,
tch_20200710-165305_40,6f41b946-c2a2-11ea-af23-0242ac110002,std_1594381350061_40,class_20200710-165305_40,rfZ7-TifY,40506043-8820-47a9-9c75-5120b44bf414,f94931b7-8076-4707-a38c-7366119fdba6,9a22f1c7-4494-491f-87ba-0475469842e1,61b63e28-be5a-426a-9a7b-27751c1e1980,ba3645ad-4499-4c68-ad00-13dafe240fb4,
tch_20200710-165305_44,6ddb4b92-c2a2-11ea-af23-0242ac110002,std_1594381347699_44,class_20200710-165305_44,V3GB-9NkZ,1a92fee8-9ca6-48cb-bd0c-aeac83c5679d,c7fe462a-569e-467c-b93a-0807be168973,36626162-e6ee-4081-bc31-a70b50848fbd,c516bfbe-6366-4ce9-a13e-ea927c3b1a55,efc44269-e27b-4837-bbbe-ac2c0189c9e4,
tch_20200710-165305_52,704657ac-c2a2-11ea-acee-0242ac110002,std_1594381351712_52,class_20200710-165305_52,7UBy-vDdQ,c3558bcf-4651-4d30-921b-d6d4f13ca220,31a9aea8-b189-43d2-88de-8bb90c12b14d,39af4843-8998-4205-9249-6ceda0c30db5,1d10c8bc-38c8-4038-bbcd-0b4026d589d0,78eb0653-2583-4ecd-a4f5-e01082d1464a,
tch_20200710-165305_54,72601078-c2a2-11ea-89f8-0242ac110002,std_1594381355305_54,class_20200710-165305_54,fYeE-QAQi,d4856b82-c700-4fdb-b9a2-3e42ee7cc181,7a7edc27-c5fd-4fb1-9e45-b59c6328eba8,8605fb1c-38d1-4af4-87d8-274eb5dc53b0,81fef65a-42dc-465d-949e-b89a3585477c,a8d49cee-f5eb-410e-8ae0-76c2c066b6b8,
tch_20200710-165305_61,70afef84-c2a2-11ea-acee-0242ac110002,std_1594381352180_61,class_20200710-165305_61,8Ms3-Zg37,a13c5759-792e-43a5-b2d2-389c842fffad,b56b279f-9710-43c0-8479-7720febafaa4,4c51714b-2d25-4ee1-8d03-2e788aa2e82c,eec9a537-97b7-41c3-9e8b-01ceeb789de6,8a8d4081-350d-4b51-b496-3278a7ab1f25,
tch_20200710-165305_57,6fecc5d6-c2a2-11ea-af23-0242ac110002,std_1594381351168_57,class_20200710-165305_57,ebfW-4dCR,f44ded3d-91d1-4120-8ea1-c5c1fbef4574,b5a7598e-689b-448b-b707-b884eeb10a02,f8704992-0893-44eb-933b-9274c1d00e90,7ff6a205-52db-4ae5-b6dd-98d1f60ef836,159ee5c4-d4f2-4d56-a517-2e457341bb96,
tch_20200710-165305_55,73f6b5ef-c2a2-11ea-89f8-0242ac110002,std_1594381357972_55,class_20200710-165305_55,pumT-uF43,5c30b301-0f22-4c23-bbba-2411fa97e0d0,314e9f5c-f88c-49af-b885-d2c39f198990,7d40632d-d766-49ba-b8f9-d707a4ffdb32,0cb92745-5a0e-41d1-90ca-b88c31f4ab27,549ef6b6-4f94-4bba-a452-594ff092884f,
tch_20200710-165305_60,747c3963-c2a2-11ea-89f8-0242ac110002,std_1594381358833_60,class_20200710-165305_60,tvNc-RXiH,5c4ee1f3-7097-423d-85d3-293efada9793,778be11e-75f1-4920-a95f-a5f7b4f2a02d,1dcecf79-5b37-4d4a-807f-88873ee51571,98c281b4-c5a3-42f6-b485-e7ceb319df70,b9ce065a-fec2-4065-9f67-ac1d245f306d,
tch_20200710-165305_50,7583bea2-c2a2-11ea-89f8-0242ac110002,std_1594381360566_50,class_20200710-165305_50,unZ3-8FYi,71ba0202-7af3-43db-9cad-eb06056265f9,8c830248-b488-4147-9292-eaff523ff0f4,f75e1449-7c13-4df2-a4ce-626d02f927a8,92206d84-b00d-4da5-b834-b67a4234be08,5bf1e66c-b302-442f-b91b-97ce0b6f5f5a,
tch_20200710-165305_41,73f11084-c2a2-11ea-89f8-0242ac110002,std_1594381357926_41,class_20200710-165305_41,h278-t8gr,b8983bc0-de42-40a0-a873-d58a75f10cc8,7e2a7d8c-2322-41bb-96a1-3cc4fea11f80,06592014-3005-4be7-9b11-603cb4d0ad4d,85c6d5a5-1d7a-4718-849f-6edda0a91c86,4fd853cc-822d-455f-ac85-f6b053fbfe36,
tch_20200710-165305_48,7518048c-c2a2-11ea-89f8-0242ac110002,std_1594381359855_48,class_20200710-165305_48,9MBt-Ty7V,44527a62-c093-493c-ad05-24602b621fc8,3b6e4e95-a336-431d-bb9d-a28891ece2ec,085b3aa3-073c-4780-9774-de50e7725afb,8c904cf4-0f25-4681-ad42-8e338e12e455,af64afdd-8b69-40aa-8c2e-2413958c9a0e,
tch_20200710-165305_46,75affe70-c2a2-11ea-89f8-0242ac110002,std_1594381360863_46,class_20200710-165305_46,7j4y-9J3j,75fc6636-b5cb-4cad-a4c8-502641cc4a5c,aa7b608e-e228-42c3-8a36-0e5150ec5c03,9907b3f6-333a-49ce-9ef8-88958a16bf6e,8a159db8-9fdc-4bdc-acf8-bbba36ef04a6,e1ca8658-b141-4cec-82c9-2ab2ccdd4443,
tch_20200710-165305_45,75de3a01-c2a2-11ea-af23-0242ac110002,std_1594381361180_45,class_20200710-165305_45,jhaP-iAb3,c6988106-4db2-4724-8e5e-cac94d21ddc3,d9c157f7-1529-4233-98a7-44edec18ab3a,dd11dd0a-c321-47af-9cc9-3e0be7091b12,1019329f-acd5-480e-b3eb-0d2b28292952,09221674-8465-454b-9a09-8ce31e64897f,
tch_20200710-165305_53,75728038-c2a2-11ea-96b3-0242ac110002,std_1594381360435_53,class_20200710-165305_53,uHxj-Ls8t,a2828061-2dbb-467b-ae99-206f785e3f8a,ace623a2-60da-4b8c-baf4-67ff7cd42e5a,d2361723-8fc6-4dd1-8d35-c2371a320737,b1f2e40c-b2a3-4719-8fb2-625f0a27ecac,293a48fe-55b3-447e-86e2-e521ccf426bc,
tch_20200710-165305_56,761cf0cc-c2a2-11ea-89f8-0242ac110002,std_1594381361505_56,class_20200710-165305_56,2wYz-Wg3K,50895f2c-a88d-4b39-b898-e3838607a07a,75b97bcb-3ab2-440e-a8e3-dd6464c23c5e,52b7bdc8-acf6-48bb-bec6-1adc969a478d,65a7be10-4b6f-4007-b8cc-a188c6c1e2bc,f811c93c-6879-46fc-804d-0f038b895015,
tch_20200710-165305_37,76872500-c2a2-11ea-af23-0242ac110002,std_1594381362274_37,class_20200710-165305_37,dE8N-6jyd,2e329516-357f-4130-808e-c7bacf1fe717,8cb410ae-5739-4f40-8beb-f641c367aa5b,3a8cf288-c4a1-4a2d-8173-53dd8bc21d88,6a06502a-256c-4336-a099-77126df3e1c5,81491b43-8f60-4366-a48d-569995b0a465,
tch_20200710-165305_49,77419a90-c2a2-11ea-acee-0242ac110002,std_1594381363484_49,class_20200710-165305_49,2J7z-onsB,cf6f34b7-2cb2-4a81-b8c7-365ee96f51ea,d91d4fdc-1be3-45e0-9592-b3c2227d71d6,02a3050c-7147-40ce-89f7-e272c10199e3,70a0d91d-5166-4411-ba4c-335634ffde76,7100efe4-b037-467a-af83-a5220765bcf6,
tch_20200710-165305_47,76abc361-c2a2-11ea-af23-0242ac110002,std_1594381362481_47,class_20200710-165305_47,y4up-Rez6,61b9316a-cfc0-43ba-b1fd-ea65bb68e202,7bc6091d-0a9f-4dfa-8ab6-c40b5a30550f,f189c2c2-a09f-4189-9c20-dc7d678b333a,56b7d9cc-d424-4b83-9020-a020942874f4,88b3fd6e-dfa0-4601-b1bd-3edf4f602e01,
tch_20200710-165305_51,7a44c8f8-c2a2-11ea-af23-0242ac110002,std_1594381368541_51,class_20200710-165305_51,Fn9B-bt2h,e19183bc-bfb0-4d63-a7fa-57b17074bf88,271412c4-6589-4a60-80ad-249a5374cf84,0cc0817f-7f86-4593-84b2-c69f9e407ec8,168deb3c-1d8a-4c78-98e8-e1a5246e7264,6073af4c-bf74-444e-b83a-6c5f80f84350,
tch_20200710-165305_59,76854f60-c2a2-11ea-acee-0242ac110002,std_1594381362244_59,class_20200710-165305_59,uGoB-i9Xf,b20987dc-66d4-48fe-9c00-e96dbcfb1301,184ed715-fdfa-47b1-bfbf-97722c273054,2100c2f2-1162-43f4-93ad-a19d7cea98ad,5fdfe11b-9012-4a5a-a690-40ae98467308,aeb0b63d-ca7a-4fd2-8934-02d6a5bb63a7,
tch_20200710-165305_39,784d660e-c2a2-11ea-96b3-0242ac110002,std_1594381365227_39,class_20200710-165305_39,4V8u-U6es,9d3bec6b-aa45-4329-bbf6-4226efb7445b,6221f441-aa7e-43dc-9593-1890bd65bef9,441c1a16-833a-4123-96e8-1a53d75c430c,1ec02326-53d3-4511-be0c-1fcfaee83a30,69092ba0-0576-4837-8789-8b658d11a410,
tch_20200710-165305_38,7a9902c3-c2a2-11ea-89f8-0242ac110002,std_1594381369099_38,class_20200710-165305_38,gy7v-7GPE,7c9db882-eb40-44a5-9652-80c2338f65c2,ad7a2c6e-1689-40f6-93c0-b6f9ac3f0ec0,e143162c-4c2f-409e-9225-c95f9da4b9bf,d25f61eb-a1b0-41af-b49b-89111fdad7c6,6e59e28f-f1f3-408e-b51e-aa72489834e4,
tch_20200710-165305_43,7969f956-c2a2-11ea-acee-0242ac110002,std_1594381367116_43,class_20200710-165305_43,768F-7H2o,b04cbe99-4f99-4093-b830-9eafdc45bc9e,f40caa7e-dbae-435b-9294-55b8b80478b5,8a9f9c0e-7009-41ff-82da-7f2edcc84a05,43771258-ab3f-453e-adec-4c973e6b4050,8ca9a3fd-e685-41fd-b2a2-37ec483249ef,
tch_20200710-165305_42,790a4d2a-c2a2-11ea-89f8-0242ac110002,std_1594381366466_42,class_20200710-165305_42,LQ23-wQZY,0239bea9-22bf-4462-9192-393b5e2e5ecc,2c78541b-792e-48d3-861b-e5eedd019d0e,2951b501-c7e9-4a0a-84a1-a98d522422ef,a9af7fcf-058a-4973-940c-08580ade9438,0c4ae136-91f6-4e30-91ec-a7b430579909,
tch_20200710-165305_58,7aa53859-c2a2-11ea-acee-0242ac110002,std_1594381369136_58,class_20200710-165305_58,3eAU-m3w8,bfc142e3-1bd7-4e35-bd0d-8c222735e674,334f5abd-3a74-4bf2-aad4-ad1691932720,b6d14f94-885a-42fd-8b77-cdb812960806,0c88f10a-b9e6-4262-b356-57b8e22e632b,4b968926-ef5d-4acf-aab6-5d03cf3ccc92,
tch_20200710-165305_52,7ea84984-c2a2-11ea-89f8-0242ac110002,std_1594381375903_52,class_20200710-165305_52,7UBy-vDdQ,c3558bcf-4651-4d30-921b-d6d4f13ca220,31a9aea8-b189-43d2-88de-8bb90c12b14d,39af4843-8998-4205-9249-6ceda0c30db5,1d10c8bc-38c8-4038-bbcd-0b4026d589d0,78eb0653-2583-4ecd-a4f5-e01082d1464a,
tch_20200710-165305_40,7d8d63b5-c2a2-11ea-89f8-0242ac110002,std_1594381374032_40,class_20200710-165305_40,rfZ7-TifY,40506043-8820-47a9-9c75-5120b44bf414,f94931b7-8076-4707-a38c-7366119fdba6,9a22f1c7-4494-491f-87ba-0475469842e1,61b63e28-be5a-426a-9a7b-27751c1e1980,ba3645ad-4499-4c68-ad00-13dafe240fb4,
tch_20200710-165305_44,7d90e668-c2a2-11ea-af23-0242ac110002,std_1594381374073_44,class_20200710-165305_44,V3GB-9NkZ,1a92fee8-9ca6-48cb-bd0c-aeac83c5679d,c7fe462a-569e-467c-b93a-0807be168973,36626162-e6ee-4081-bc31-a70b50848fbd,c516bfbe-6366-4ce9-a13e-ea927c3b1a55,efc44269-e27b-4837-bbbe-ac2c0189c9e4,
tch_20200710-165305_54,7ef1fcfa-c2a2-11ea-acee-0242ac110002,std_1594381376378_54,class_20200710-165305_54,fYeE-QAQi,d4856b82-c700-4fdb-b9a2-3e42ee7cc181,7a7edc27-c5fd-4fb1-9e45-b59c6328eba8,8605fb1c-38d1-4af4-87d8-274eb5dc53b0,81fef65a-42dc-465d-949e-b89a3585477c,a8d49cee-f5eb-410e-8ae0-76c2c066b6b8,
tch_20200710-165305_62,7cd2517f-c2a2-11ea-89f8-0242ac110002,std_1594381372513_62,class_20200710-165305_62,o6sK-64Pj,a1f64244-e3a4-447e-a72d-a9f9d4b818bd,7fd9b93c-7a32-4ce2-9fb6-f39f75d298da,8f6b7834-0ddf-4b72-a817-c6e32d29b8fa,22443983-fa72-43f8-a505-666245dcda7c,0eff07ba-9049-4d5c-bc59-b69733bf8ac4,
tch_20200710-165305_57,7f443bdd-c2a2-11ea-af23-0242ac110002,std_1594381376911_57,class_20200710-165305_57,ebfW-4dCR,f44ded3d-91d1-4120-8ea1-c5c1fbef4574,b5a7598e-689b-448b-b707-b884eeb10a02,f8704992-0893-44eb-933b-9274c1d00e90,7ff6a205-52db-4ae5-b6dd-98d1f60ef836,159ee5c4-d4f2-4d56-a517-2e457341bb96,
tch_20200710-165305_55,800c467e-c2a2-11ea-acee-0242ac110002,std_1594381378240_55,class_20200710-165305_55,pumT-uF43,5c30b301-0f22-4c23-bbba-2411fa97e0d0,314e9f5c-f88c-49af-b885-d2c39f198990,7d40632d-d766-49ba-b8f9-d707a4ffdb32,0cb92745-5a0e-41d1-90ca-b88c31f4ab27,549ef6b6-4f94-4bba-a452-594ff092884f,
tch_20200710-165305_50,821053ea-c2a2-11ea-af23-0242ac110002,std_1594381381635_50,class_20200710-165305_50,unZ3-8FYi,71ba0202-7af3-43db-9cad-eb06056265f9,8c830248-b488-4147-9292-eaff523ff0f4,f75e1449-7c13-4df2-a4ce-626d02f927a8,92206d84-b00d-4da5-b834-b67a4234be08,5bf1e66c-b302-442f-b91b-97ce0b6f5f5a,
tch_20200710-165305_61,7ef1af56-c2a2-11ea-af23-0242ac110002,std_1594381376384_61,class_20200710-165305_61,8Ms3-Zg37,a13c5759-792e-43a5-b2d2-389c842fffad,b56b279f-9710-43c0-8479-7720febafaa4,4c51714b-2d25-4ee1-8d03-2e788aa2e82c,eec9a537-97b7-41c3-9e8b-01ceeb789de6,8a8d4081-350d-4b51-b496-3278a7ab1f25,
tch_20200710-165305_45,82ffbd25-c2a2-11ea-af23-0242ac110002,std_1594381383180_45,class_20200710-165305_45,jhaP-iAb3,c6988106-4db2-4724-8e5e-cac94d21ddc3,d9c157f7-1529-4233-98a7-44edec18ab3a,dd11dd0a-c321-47af-9cc9-3e0be7091b12,1019329f-acd5-480e-b3eb-0d2b28292952,09221674-8465-454b-9a09-8ce31e64897f,
tch_20200710-165305_48,82c65d43-c2a2-11ea-acee-0242ac110002,std_1594381382791_48,class_20200710-165305_48,9MBt-Ty7V,44527a62-c093-493c-ad05-24602b621fc8,3b6e4e95-a336-431d-bb9d-a28891ece2ec,085b3aa3-073c-4780-9774-de50e7725afb,8c904cf4-0f25-4681-ad42-8e338e12e455,af64afdd-8b69-40aa-8c2e-2413958c9a0e,
tch_20200710-165305_63,826c2fec-c2a2-11ea-89f8-0242ac110002,std_1594381381887_63,class_20200710-165305_63,AB43-mcac,58b52590-f84a-47cb-b782-786d0edde9a6,12aeed21-017e-406c-b40e-6525aa09b0a3,1477ffc5-b620-4c0b-a4a2-1a672cf3b41d,cfff63ef-3b21-4bf4-989d-8cc885a4461f,6ccffa5b-bd49-4f3a-8ea6-5816513aab39,
tch_20200710-165305_60,811ccbf2-c2a2-11ea-89f8-0242ac110002,std_1594381380033_60,class_20200710-165305_60,tvNc-RXiH,5c4ee1f3-7097-423d-85d3-293efada9793,778be11e-75f1-4920-a95f-a5f7b4f2a02d,1dcecf79-5b37-4d4a-807f-88873ee51571,98c281b4-c5a3-42f6-b485-e7ceb319df70,b9ce065a-fec2-4065-9f67-ac1d245f306d,
tch_20200710-165305_49,83c27078-c2a2-11ea-96b3-0242ac110002,std_1594381384479_49,class_20200710-165305_49,2J7z-onsB,cf6f34b7-2cb2-4a81-b8c7-365ee96f51ea,d91d4fdc-1be3-45e0-9592-b3c2227d71d6,02a3050c-7147-40ce-89f7-e272c10199e3,70a0d91d-5166-4411-ba4c-335634ffde76,7100efe4-b037-467a-af83-a5220765bcf6,
tch_20200710-165305_41,823652c9-c2a2-11ea-af23-0242ac110002,std_1594381381860_41,class_20200710-165305_41,h278-t8gr,b8983bc0-de42-40a0-a873-d58a75f10cc8,7e2a7d8c-2322-41bb-96a1-3cc4fea11f80,06592014-3005-4be7-9b11-603cb4d0ad4d,85c6d5a5-1d7a-4718-849f-6edda0a91c86,4fd853cc-822d-455f-ac85-f6b053fbfe36,
tch_20200710-165305_56,839fcdb5-c2a2-11ea-acee-0242ac110002,std_1594381384255_56,class_20200710-165305_56,2wYz-Wg3K,50895f2c-a88d-4b39-b898-e3838607a07a,75b97bcb-3ab2-440e-a8e3-dd6464c23c5e,52b7bdc8-acf6-48bb-bec6-1adc969a478d,65a7be10-4b6f-4007-b8cc-a188c6c1e2bc,f811c93c-6879-46fc-804d-0f038b895015,
tch_20200710-165305_46,82d1f6dd-c2a2-11ea-af23-0242ac110002,std_1594381382912_46,class_20200710-165305_46,7j4y-9J3j,75fc6636-b5cb-4cad-a4c8-502641cc4a5c,aa7b608e-e228-42c3-8a36-0e5150ec5c03,9907b3f6-333a-49ce-9ef8-88958a16bf6e,8a159db8-9fdc-4bdc-acf8-bbba36ef04a6,e1ca8658-b141-4cec-82c9-2ab2ccdd4443,
tch_20200710-165305_47,84b3876f-c2a2-11ea-89f8-0242ac110002,std_1594381386023_47,class_20200710-165305_47,y4up-Rez6,61b9316a-cfc0-43ba-b1fd-ea65bb68e202,7bc6091d-0a9f-4dfa-8ab6-c40b5a30550f,f189c2c2-a09f-4189-9c20-dc7d678b333a,56b7d9cc-d424-4b83-9020-a020942874f4,88b3fd6e-dfa0-4601-b1bd-3edf4f602e01,
tch_20200710-165305_51,854feee6-c2a2-11ea-acee-0242ac110002,std_1594381387065_51,class_20200710-165305_51,Fn9B-bt2h,e19183bc-bfb0-4d63-a7fa-57b17074bf88,271412c4-6589-4a60-80ad-249a5374cf84,0cc0817f-7f86-4593-84b2-c69f9e407ec8,168deb3c-1d8a-4c78-98e8-e1a5246e7264,6073af4c-bf74-444e-b83a-6c5f80f84350,
tch_20200710-165305_53,835ecd9b-c2a2-11ea-af23-0242ac110002,std_1594381383782_53,class_20200710-165305_53,uHxj-Ls8t,a2828061-2dbb-467b-ae99-206f785e3f8a,ace623a2-60da-4b8c-baf4-67ff7cd42e5a,d2361723-8fc6-4dd1-8d35-c2371a320737,b1f2e40c-b2a3-4719-8fb2-625f0a27ecac,293a48fe-55b3-447e-86e2-e521ccf426bc,
tch_20200710-165305_59,857d6743-c2a2-11ea-96b3-0242ac110002,std_1594381387355_59,class_20200710-165305_59,uGoB-i9Xf,b20987dc-66d4-48fe-9c00-e96dbcfb1301,184ed715-fdfa-47b1-bfbf-97722c273054,2100c2f2-1162-43f4-93ad-a19d7cea98ad,5fdfe11b-9012-4a5a-a690-40ae98467308,aeb0b63d-ca7a-4fd2-8934-02d6a5bb63a7,
tch_20200710-165305_39,86401b9b-c2a2-11ea-acee-0242ac110002,std_1594381388622_39,class_20200710-165305_39,4V8u-U6es,9d3bec6b-aa45-4329-bbf6-4226efb7445b,6221f441-aa7e-43dc-9593-1890bd65bef9,441c1a16-833a-4123-96e8-1a53d75c430c,1ec02326-53d3-4511-be0c-1fcfaee83a30,69092ba0-0576-4837-8789-8b658d11a410,
tch_20200710-165305_43,86f5d6ae-c2a2-11ea-89f8-0242ac110002,std_1594381389831_43,class_20200710-165305_43,768F-7H2o,b04cbe99-4f99-4093-b830-9eafdc45bc9e,f40caa7e-dbae-435b-9294-55b8b80478b5,8a9f9c0e-7009-41ff-82da-7f2edcc84a05,43771258-ab3f-453e-adec-4c973e6b4050,8ca9a3fd-e685-41fd-b2a2-37ec483249ef,
tch_20200710-165305_58,87f4a915-c2a2-11ea-96b3-0242ac110002,std_1594381391515_58,class_20200710-165305_58,3eAU-m3w8,bfc142e3-1bd7-4e35-bd0d-8c222735e674,334f5abd-3a74-4bf2-aad4-ad1691932720,b6d14f94-885a-42fd-8b77-cdb812960806,0c88f10a-b9e6-4262-b356-57b8e22e632b,4b968926-ef5d-4acf-aab6-5d03cf3ccc92,
tch_20200710-165305_42,86f62494-c2a2-11ea-acee-0242ac110002,std_1594381389845_42,class_20200710-165305_42,LQ23-wQZY,0239bea9-22bf-4462-9192-393b5e2e5ecc,2c78541b-792e-48d3-861b-e5eedd019d0e,2951b501-c7e9-4a0a-84a1-a98d522422ef,a9af7fcf-058a-4973-940c-08580ade9438,0c4ae136-91f6-4e30-91ec-a7b430579909,
tch_20200710-165305_52,89f7a47d-c2a2-11ea-acee-0242ac110002,std_1594381394878_52,class_20200710-165305_52,7UBy-vDdQ,c3558bcf-4651-4d30-921b-d6d4f13ca220,31a9aea8-b189-43d2-88de-8bb90c12b14d,39af4843-8998-4205-9249-6ceda0c30db5,1d10c8bc-38c8-4038-bbcd-0b4026d589d0,78eb0653-2583-4ecd-a4f5-e01082d1464a,
tch_20200710-165305_44,8ad47001-c2a2-11ea-acee-0242ac110002,std_1594381396324_44,class_20200710-165305_44,V3GB-9NkZ,1a92fee8-9ca6-48cb-bd0c-aeac83c5679d,c7fe462a-569e-467c-b93a-0807be168973,36626162-e6ee-4081-bc31-a70b50848fbd,c516bfbe-6366-4ce9-a13e-ea927c3b1a55,efc44269-e27b-4837-bbbe-ac2c0189c9e4,
tch_20200710-165305_40,8ab269b1-c2a2-11ea-acee-0242ac110002,std_1594381396119_40,class_20200710-165305_40,rfZ7-TifY,40506043-8820-47a9-9c75-5120b44bf414,f94931b7-8076-4707-a38c-7366119fdba6,9a22f1c7-4494-491f-87ba-0475469842e1,61b63e28-be5a-426a-9a7b-27751c1e1980,ba3645ad-4499-4c68-ad00-13dafe240fb4,
tch_20200710-165305_57,8b346a82-c2a2-11ea-96b3-0242ac110002,std_1594381396976_57,class_20200710-165305_57,ebfW-4dCR,f44ded3d-91d1-4120-8ea1-c5c1fbef4574,b5a7598e-689b-448b-b707-b884eeb10a02,f8704992-0893-44eb-933b-9274c1d00e90,7ff6a205-52db-4ae5-b6dd-98d1f60ef836,159ee5c4-d4f2-4d56-a517-2e457341bb96,
tch_20200710-165305_62,8b2fd711-c2a2-11ea-acee-0242ac110002,std_1594381396933_62,class_20200710-165305_62,o6sK-64Pj,a1f64244-e3a4-447e-a72d-a9f9d4b818bd,7fd9b93c-7a32-4ce2-9fb6-f39f75d298da,8f6b7834-0ddf-4b72-a817-c6e32d29b8fa,22443983-fa72-43f8-a505-666245dcda7c,0eff07ba-9049-4d5c-bc59-b69733bf8ac4,
tch_20200710-165305_54,8b09d8ac-c2a2-11ea-96b3-0242ac110002,std_1594381396690_54,class_20200710-165305_54,fYeE-QAQi,d4856b82-c700-4fdb-b9a2-3e42ee7cc181,7a7edc27-c5fd-4fb1-9e45-b59c6328eba8,8605fb1c-38d1-4af4-87d8-274eb5dc53b0,81fef65a-42dc-465d-949e-b89a3585477c,a8d49cee-f5eb-410e-8ae0-76c2c066b6b8,
tch_20200710-165305_55,8b95769d-c2a2-11ea-acee-0242ac110002,std_1594381397602_55,class_20200710-165305_55,pumT-uF43,5c30b301-0f22-4c23-bbba-2411fa97e0d0,314e9f5c-f88c-49af-b885-d2c39f198990,7d40632d-d766-49ba-b8f9-d707a4ffdb32,0cb92745-5a0e-41d1-90ca-b88c31f4ab27,549ef6b6-4f94-4bba-a452-594ff092884f,
tch_20200710-165305_60,90305ae0-c2a2-11ea-89f8-0242ac110002,std_1594381405303_60,class_20200710-165305_60,tvNc-RXiH,5c4ee1f3-7097-423d-85d3-293efada9793,778be11e-75f1-4920-a95f-a5f7b4f2a02d,1dcecf79-5b37-4d4a-807f-88873ee51571,98c281b4-c5a3-42f6-b485-e7ceb319df70,b9ce065a-fec2-4065-9f67-ac1d245f306d,
tch_20200710-165305_61,8de7f249-c2a2-11ea-96b3-0242ac110002,std_1594381401477_61,class_20200710-165305_61,8Ms3-Zg37,a13c5759-792e-43a5-b2d2-389c842fffad,b56b279f-9710-43c0-8479-7720febafaa4,4c51714b-2d25-4ee1-8d03-2e788aa2e82c,eec9a537-97b7-41c3-9e8b-01ceeb789de6,8a8d4081-350d-4b51-b496-3278a7ab1f25,
tch_20200710-165305_45,8dfd9ccd-c2a2-11ea-acee-0242ac110002,std_1594381401631_45,class_20200710-165305_45,jhaP-iAb3,c6988106-4db2-4724-8e5e-cac94d21ddc3,d9c157f7-1529-4233-98a7-44edec18ab3a,dd11dd0a-c321-47af-9cc9-3e0be7091b12,1019329f-acd5-480e-b3eb-0d2b28292952,09221674-8465-454b-9a09-8ce31e64897f,
tch_20200710-165305_50,8d2df100-c2a2-11ea-af23-0242ac110002,std_1594381400228_50,class_20200710-165305_50,unZ3-8FYi,71ba0202-7af3-43db-9cad-eb06056265f9,8c830248-b488-4147-9292-eaff523ff0f4,f75e1449-7c13-4df2-a4ce-626d02f927a8,92206d84-b00d-4da5-b834-b67a4234be08,5bf1e66c-b302-442f-b91b-97ce0b6f5f5a,
tch_20200710-165305_48,8e6c15c2-c2a2-11ea-89f8-0242ac110002,std_1594381402341_48,class_20200710-165305_48,9MBt-Ty7V,44527a62-c093-493c-ad05-24602b621fc8,3b6e4e95-a336-431d-bb9d-a28891ece2ec,085b3aa3-073c-4780-9774-de50e7725afb,8c904cf4-0f25-4681-ad42-8e338e12e455,af64afdd-8b69-40aa-8c2e-2413958c9a0e,
tch_20200710-165305_63,8f5c41f7-c2a2-11ea-96b3-0242ac110002,std_1594381403928_63,class_20200710-165305_63,AB43-mcac,58b52590-f84a-47cb-b782-786d0edde9a6,12aeed21-017e-406c-b40e-6525aa09b0a3,1477ffc5-b620-4c0b-a4a2-1a672cf3b41d,cfff63ef-3b21-4bf4-989d-8cc885a4461f,6ccffa5b-bd49-4f3a-8ea6-5816513aab39,
tch_20200710-165305_64,8d29d1ec-c2a2-11ea-89f8-0242ac110002,std_1594381399954_64,class_20200710-165305_64,v9R4-trc3,6753d35d-ed3e-4a5d-a36b-5c5a207c332d,85435209-154d-47db-827e-278ad4d5bd99,6812bd4e-5f2d-469f-b31b-f3bcf1dde519,03d97d6d-bc6a-427c-9c65-f5a0970e737a,ce382e7d-e7f3-4b4d-a294-f3c402253e7e,
tch_20200710-165305_49,9054ac6d-c2a2-11ea-96b3-0242ac110002,std_1594381405560_49,class_20200710-165305_49,2J7z-onsB,cf6f34b7-2cb2-4a81-b8c7-365ee96f51ea,d91d4fdc-1be3-45e0-9592-b3c2227d71d6,02a3050c-7147-40ce-89f7-e272c10199e3,70a0d91d-5166-4411-ba4c-335634ffde76,7100efe4-b037-467a-af83-a5220765bcf6,
tch_20200710-165305_53,91f75f4f-c2a2-11ea-89f8-0242ac110002,std_1594381408304_53,class_20200710-165305_53,uHxj-Ls8t,a2828061-2dbb-467b-ae99-206f785e3f8a,ace623a2-60da-4b8c-baf4-67ff7cd42e5a,d2361723-8fc6-4dd1-8d35-c2371a320737,b1f2e40c-b2a3-4719-8fb2-625f0a27ecac,293a48fe-55b3-447e-86e2-e521ccf426bc,
tch_20200710-165305_47,91abff0d-c2a2-11ea-af23-0242ac110002,std_1594381407804_47,class_20200710-165305_47,y4up-Rez6,61b9316a-cfc0-43ba-b1fd-ea65bb68e202,7bc6091d-0a9f-4dfa-8ab6-c40b5a30550f,f189c2c2-a09f-4189-9c20-dc7d678b333a,56b7d9cc-d424-4b83-9020-a020942874f4,88b3fd6e-dfa0-4601-b1bd-3edf4f602e01,
tch_20200710-165305_51,91da3adc-c2a2-11ea-96b3-0242ac110002,std_1594381408133_51,class_20200710-165305_51,Fn9B-bt2h,e19183bc-bfb0-4d63-a7fa-57b17074bf88,271412c4-6589-4a60-80ad-249a5374cf84,0cc0817f-7f86-4593-84b2-c69f9e407ec8,168deb3c-1d8a-4c78-98e8-e1a5246e7264,6073af4c-bf74-444e-b83a-6c5f80f84350,
tch_20200710-165305_56,90883fb6-c2a2-11ea-89f8-0242ac110002,std_1594381405897_56,class_20200710-165305_56,2wYz-Wg3K,50895f2c-a88d-4b39-b898-e3838607a07a,75b97bcb-3ab2-440e-a8e3-dd6464c23c5e,52b7bdc8-acf6-48bb-bec6-1adc969a478d,65a7be10-4b6f-4007-b8cc-a188c6c1e2bc,f811c93c-6879-46fc-804d-0f038b895015,
tch_20200710-165305_46,9112a519-c2a2-11ea-acee-0242ac110002,std_1594381406806_46,class_20200710-165305_46,7j4y-9J3j,75fc6636-b5cb-4cad-a4c8-502641cc4a5c,aa7b608e-e228-42c3-8a36-0e5150ec5c03,9907b3f6-333a-49ce-9ef8-88958a16bf6e,8a159db8-9fdc-4bdc-acf8-bbba36ef04a6,e1ca8658-b141-4cec-82c9-2ab2ccdd4443,
tch_20200710-165305_59,930b40df-c2a2-11ea-96b3-0242ac110002,std_1594381410104_59,class_20200710-165305_59,uGoB-i9Xf,b20987dc-66d4-48fe-9c00-e96dbcfb1301,184ed715-fdfa-47b1-bfbf-97722c273054,2100c2f2-1162-43f4-93ad-a19d7cea98ad,5fdfe11b-9012-4a5a-a690-40ae98467308,aeb0b63d-ca7a-4fd2-8934-02d6a5bb63a7,
tch_20200710-165305_41,90866a34-c2a2-11ea-af23-0242ac110002,std_1594381405890_41,class_20200710-165305_41,h278-t8gr,b8983bc0-de42-40a0-a873-d58a75f10cc8,7e2a7d8c-2322-41bb-96a1-3cc4fea11f80,06592014-3005-4be7-9b11-603cb4d0ad4d,85c6d5a5-1d7a-4718-849f-6edda0a91c86,4fd853cc-822d-455f-ac85-f6b053fbfe36,
tch_20200710-165305_43,94a408ce-c2a2-11ea-96b3-0242ac110002,std_1594381412780_43,class_20200710-165305_43,768F-7H2o,b04cbe99-4f99-4093-b830-9eafdc45bc9e,f40caa7e-dbae-435b-9294-55b8b80478b5,8a9f9c0e-7009-41ff-82da-7f2edcc84a05,43771258-ab3f-453e-adec-4c973e6b4050,8ca9a3fd-e685-41fd-b2a2-37ec483249ef,
tch_20200710-165305_58,95af37bb-c2a2-11ea-acee-0242ac110002,std_1594381414545_58,class_20200710-165305_58,3eAU-m3w8,bfc142e3-1bd7-4e35-bd0d-8c222735e674,334f5abd-3a74-4bf2-aad4-ad1691932720,b6d14f94-885a-42fd-8b77-cdb812960806,0c88f10a-b9e6-4262-b356-57b8e22e632b,4b968926-ef5d-4acf-aab6-5d03cf3ccc92,
tch_20200710-165305_44,97adc622-c2a2-11ea-acee-0242ac110002,std_1594381417854_44,class_20200710-165305_44,V3GB-9NkZ,1a92fee8-9ca6-48cb-bd0c-aeac83c5679d,c7fe462a-569e-467c-b93a-0807be168973,36626162-e6ee-4081-bc31-a70b50848fbd,c516bfbe-6366-4ce9-a13e-ea927c3b1a55,efc44269-e27b-4837-bbbe-ac2c0189c9e4,
tch_20200710-165305_42,968fac67-c2a2-11ea-96b3-0242ac110002,std_1594381416023_42,class_20200710-165305_42,LQ23-wQZY,0239bea9-22bf-4462-9192-393b5e2e5ecc,2c78541b-792e-48d3-861b-e5eedd019d0e,2951b501-c7e9-4a0a-84a1-a98d522422ef,a9af7fcf-058a-4973-940c-08580ade9438,0c4ae136-91f6-4e30-91ec-a7b430579909,
tch_20200710-165305_52,979709f8-c2a2-11ea-96b3-0242ac110002,std_1594381417748_52,class_20200710-165305_52,7UBy-vDdQ,c3558bcf-4651-4d30-921b-d6d4f13ca220,31a9aea8-b189-43d2-88de-8bb90c12b14d,39af4843-8998-4205-9249-6ceda0c30db5,1d10c8bc-38c8-4038-bbcd-0b4026d589d0,78eb0653-2583-4ecd-a4f5-e01082d1464a,
tch_20200710-165305_65,97b148b8-c2a2-11ea-acee-0242ac110002,std_1594381417620_65,class_20200710-165305_65,9M6R-Ae27,95db7dca-e5b9-4b5d-8d51-64c625afa3d1,efd1aced-bd89-4f5c-9837-0ae3a5232d65,60a41abb-4297-490a-b44a-f96e2a8f29dd,6f7105f0-3740-4d24-b045-ed2a6ef89edc,1658b879-e7a0-4b2d-8d10-fc118effea07,
tch_20200710-165305_57,97d43ab2-c2a2-11ea-96b3-0242ac110002,std_1594381418150_57,class_20200710-165305_57,ebfW-4dCR,f44ded3d-91d1-4120-8ea1-c5c1fbef4574,b5a7598e-689b-448b-b707-b884eeb10a02,f8704992-0893-44eb-933b-9274c1d00e90,7ff6a205-52db-4ae5-b6dd-98d1f60ef836,159ee5c4-d4f2-4d56-a517-2e457341bb96,
tch_20200710-165305_40,97c5bb64-c2a2-11ea-acee-0242ac110002,std_1594381418054_40,class_20200710-165305_40,rfZ7-TifY,40506043-8820-47a9-9c75-5120b44bf414,f94931b7-8076-4707-a38c-7366119fdba6,9a22f1c7-4494-491f-87ba-0475469842e1,61b63e28-be5a-426a-9a7b-27751c1e1980,ba3645ad-4499-4c68-ad00-13dafe240fb4,
tch_20200710-165305_54,989feef3-c2a2-11ea-89f8-0242ac110002,std_1594381419449_54,class_20200710-165305_54,fYeE-QAQi,d4856b82-c700-4fdb-b9a2-3e42ee7cc181,7a7edc27-c5fd-4fb1-9e45-b59c6328eba8,8605fb1c-38d1-4af4-87d8-274eb5dc53b0,81fef65a-42dc-465d-949e-b89a3585477c,a8d49cee-f5eb-410e-8ae0-76c2c066b6b8,
tch_20200710-165305_62,9829868b-c2a2-11ea-af23-0242ac110002,std_1594381418646_62,class_20200710-165305_62,o6sK-64Pj,a1f64244-e3a4-447e-a72d-a9f9d4b818bd,7fd9b93c-7a32-4ce2-9fb6-f39f75d298da,8f6b7834-0ddf-4b72-a817-c6e32d29b8fa,22443983-fa72-43f8-a505-666245dcda7c,0eff07ba-9049-4d5c-bc59-b69733bf8ac4,
tch_20200710-165305_55,99bd4578-c2a2-11ea-96b3-0242ac110002,std_1594381421338_55,class_20200710-165305_55,pumT-uF43,5c30b301-0f22-4c23-bbba-2411fa97e0d0,314e9f5c-f88c-49af-b885-d2c39f198990,7d40632d-d766-49ba-b8f9-d707a4ffdb32,0cb92745-5a0e-41d1-90ca-b88c31f4ab27,549ef6b6-4f94-4bba-a452-594ff092884f,
tch_20200710-165305_45,9b870995-c2a2-11ea-acee-0242ac110002,std_1594381424345_45,class_20200710-165305_45,jhaP-iAb3,c6988106-4db2-4724-8e5e-cac94d21ddc3,d9c157f7-1529-4233-98a7-44edec18ab3a,dd11dd0a-c321-47af-9cc9-3e0be7091b12,1019329f-acd5-480e-b3eb-0d2b28292952,09221674-8465-454b-9a09-8ce31e64897f,
tch_20200710-165305_61,9b7f8ee1-c2a2-11ea-96b3-0242ac110002,std_1594381424297_61,class_20200710-165305_61,8Ms3-Zg37,a13c5759-792e-43a5-b2d2-389c842fffad,b56b279f-9710-43c0-8479-7720febafaa4,4c51714b-2d25-4ee1-8d03-2e788aa2e82c,eec9a537-97b7-41c3-9e8b-01ceeb789de6,8a8d4081-350d-4b51-b496-3278a7ab1f25,
tch_20200710-165305_64,9c7427e1-c2a2-11ea-89f8-0242ac110002,std_1594381425884_64,class_20200710-165305_64,v9R4-trc3,6753d35d-ed3e-4a5d-a36b-5c5a207c332d,85435209-154d-47db-827e-278ad4d5bd99,6812bd4e-5f2d-469f-b31b-f3bcf1dde519,03d97d6d-bc6a-427c-9c65-f5a0970e737a,ce382e7d-e7f3-4b4d-a294-f3c402253e7e,
tch_20200710-165305_60,9b73a7c8-c2a2-11ea-96b3-0242ac110002,std_1594381424213_60,class_20200710-165305_60,tvNc-RXiH,5c4ee1f3-7097-423d-85d3-293efada9793,778be11e-75f1-4920-a95f-a5f7b4f2a02d,1dcecf79-5b37-4d4a-807f-88873ee51571,98c281b4-c5a3-42f6-b485-e7ceb319df70,b9ce065a-fec2-4065-9f67-ac1d245f306d,
tch_20200710-165305_49,9e559300-c2a2-11ea-acee-0242ac110002,std_1594381429050_49,class_20200710-165305_49,2J7z-onsB,cf6f34b7-2cb2-4a81-b8c7-365ee96f51ea,d91d4fdc-1be3-45e0-9592-b3c2227d71d6,02a3050c-7147-40ce-89f7-e272c10199e3,70a0d91d-5166-4411-ba4c-335634ffde76,7100efe4-b037-467a-af83-a5220765bcf6,
tch_20200710-165305_50,9bdb9183-c2a2-11ea-96b3-0242ac110002,std_1594381424901_50,class_20200710-165305_50,unZ3-8FYi,71ba0202-7af3-43db-9cad-eb06056265f9,8c830248-b488-4147-9292-eaff523ff0f4,f75e1449-7c13-4df2-a4ce-626d02f927a8,92206d84-b00d-4da5-b834-b67a4234be08,5bf1e66c-b302-442f-b91b-97ce0b6f5f5a,
tch_20200710-165305_63,9c647087-c2a2-11ea-96b3-0242ac110002,std_1594381425794_63,class_20200710-165305_63,AB43-mcac,58b52590-f84a-47cb-b782-786d0edde9a6,12aeed21-017e-406c-b40e-6525aa09b0a3,1477ffc5-b620-4c0b-a4a2-1a672cf3b41d,cfff63ef-3b21-4bf4-989d-8cc885a4461f,6ccffa5b-bd49-4f3a-8ea6-5816513aab39,
tch_20200710-165305_48,9c128083-c2a2-11ea-96b3-0242ac110002,std_1594381425255_48,class_20200710-165305_48,9MBt-Ty7V,44527a62-c093-493c-ad05-24602b621fc8,3b6e4e95-a336-431d-bb9d-a28891ece2ec,085b3aa3-073c-4780-9774-de50e7725afb,8c904cf4-0f25-4681-ad42-8e338e12e455,af64afdd-8b69-40aa-8c2e-2413958c9a0e,
tch_20200710-165305_46,9f825260-c2a2-11ea-89f8-0242ac110002,std_1594381431033_46,class_20200710-165305_46,7j4y-9J3j,75fc6636-b5cb-4cad-a4c8-502641cc4a5c,aa7b608e-e228-42c3-8a36-0e5150ec5c03,9907b3f6-333a-49ce-9ef8-88958a16bf6e,8a159db8-9fdc-4bdc-acf8-bbba36ef04a6,e1ca8658-b141-4cec-82c9-2ab2ccdd4443,
tch_20200710-165305_51,9f6247d7-c2a2-11ea-89f8-0242ac110002,std_1594381430798_51,class_20200710-165305_51,Fn9B-bt2h,e19183bc-bfb0-4d63-a7fa-57b17074bf88,271412c4-6589-4a60-80ad-249a5374cf84,0cc0817f-7f86-4593-84b2-c69f9e407ec8,168deb3c-1d8a-4c78-98e8-e1a5246e7264,6073af4c-bf74-444e-b83a-6c5f80f84350,
tch_20200710-165305_47,9ed79402-c2a2-11ea-96b3-0242ac110002,std_1594381429906_47,class_20200710-165305_47,y4up-Rez6,61b9316a-cfc0-43ba-b1fd-ea65bb68e202,7bc6091d-0a9f-4dfa-8ab6-c40b5a30550f,f189c2c2-a09f-4189-9c20-dc7d678b333a,56b7d9cc-d424-4b83-9020-a020942874f4,88b3fd6e-dfa0-4601-b1bd-3edf4f602e01,
tch_20200710-165305_43,a1263ef7-c2a2-11ea-96b3-0242ac110002,std_1594381433782_43,class_20200710-165305_43,768F-7H2o,b04cbe99-4f99-4093-b830-9eafdc45bc9e,f40caa7e-dbae-435b-9294-55b8b80478b5,8a9f9c0e-7009-41ff-82da-7f2edcc84a05,43771258-ab3f-453e-adec-4c973e6b4050,8ca9a3fd-e685-41fd-b2a2-37ec483249ef,
tch_20200710-165305_59,a087dbdb-c2a2-11ea-acee-0242ac110002,std_1594381432725_59,class_20200710-165305_59,uGoB-i9Xf,b20987dc-66d4-48fe-9c00-e96dbcfb1301,184ed715-fdfa-47b1-bfbf-97722c273054,2100c2f2-1162-43f4-93ad-a19d7cea98ad,5fdfe11b-9012-4a5a-a690-40ae98467308,aeb0b63d-ca7a-4fd2-8934-02d6a5bb63a7,
tch_20200710-165305_53,9edd120b-c2a2-11ea-af23-0242ac110002,std_1594381429845_53,class_20200710-165305_53,uHxj-Ls8t,a2828061-2dbb-467b-ae99-206f785e3f8a,ace623a2-60da-4b8c-baf4-67ff7cd42e5a,d2361723-8fc6-4dd1-8d35-c2371a320737,b1f2e40c-b2a3-4719-8fb2-625f0a27ecac,293a48fe-55b3-447e-86e2-e521ccf426bc,
tch_20200710-165305_56,9f713ba3-c2a2-11ea-af23-0242ac110002,std_1594381430922_56,class_20200710-165305_56,2wYz-Wg3K,50895f2c-a88d-4b39-b898-e3838607a07a,75b97bcb-3ab2-440e-a8e3-dd6464c23c5e,52b7bdc8-acf6-48bb-bec6-1adc969a478d,65a7be10-4b6f-4007-b8cc-a188c6c1e2bc,f811c93c-6879-46fc-804d-0f038b895015,
tch_20200710-165305_58,a2844860-c2a2-11ea-96b3-0242ac110002,std_1594381436062_58,class_20200710-165305_58,3eAU-m3w8,bfc142e3-1bd7-4e35-bd0d-8c222735e674,334f5abd-3a74-4bf2-aad4-ad1691932720,b6d14f94-885a-42fd-8b77-cdb812960806,0c88f10a-b9e6-4262-b356-57b8e22e632b,4b968926-ef5d-4acf-aab6-5d03cf3ccc92,
tch_20200710-165305_41,a089fe47-c2a2-11ea-96b3-0242ac110002,std_1594381432775_41,class_20200710-165305_41,h278-t8gr,b8983bc0-de42-40a0-a873-d58a75f10cc8,7e2a7d8c-2322-41bb-96a1-3cc4fea11f80,06592014-3005-4be7-9b11-603cb4d0ad4d,85c6d5a5-1d7a-4718-849f-6edda0a91c86,4fd853cc-822d-455f-ac85-f6b053fbfe36,
tch_20200710-165305_44,a2cac6a4-c2a2-11ea-96b3-0242ac110002,std_1594381436525_44,class_20200710-165305_44,V3GB-9NkZ,1a92fee8-9ca6-48cb-bd0c-aeac83c5679d,c7fe462a-569e-467c-b93a-0807be168973,36626162-e6ee-4081-bc31-a70b50848fbd,c516bfbe-6366-4ce9-a13e-ea927c3b1a55,efc44269-e27b-4837-bbbe-ac2c0189c9e4,
tch_20200710-165305_54,a569dba0-c2a2-11ea-af23-0242ac110002,std_1594381440945_54,class_20200710-165305_54,fYeE-QAQi,d4856b82-c700-4fdb-b9a2-3e42ee7cc181,7a7edc27-c5fd-4fb1-9e45-b59c6328eba8,8605fb1c-38d1-4af4-87d8-274eb5dc53b0,81fef65a-42dc-465d-949e-b89a3585477c,a8d49cee-f5eb-410e-8ae0-76c2c066b6b8,
tch_20200710-165305_62,a5c939bf-c2a2-11ea-96b3-0242ac110002,std_1594381441560_62,class_20200710-165305_62,o6sK-64Pj,a1f64244-e3a4-447e-a72d-a9f9d4b818bd,7fd9b93c-7a32-4ce2-9fb6-f39f75d298da,8f6b7834-0ddf-4b72-a817-c6e32d29b8fa,22443983-fa72-43f8-a505-666245dcda7c,0eff07ba-9049-4d5c-bc59-b69733bf8ac4,
tch_20200710-165305_66,a40bf9c9-c2a2-11ea-af23-0242ac110002,std_1594381438337_66,class_20200710-165305_66,GfrE-v2X8,b71b832b-b158-4cbe-a022-97f5fc540fe1,4cffd094-3101-494f-9453-c6b25b28515d,56707fb1-4ddf-410c-8247-162ab48abcd6,3aebb21e-0b0b-4dbc-8a53-591123a23c21,ffa01791-91d3-4af7-8ab5-b7859fc8ed1f,
tch_20200710-165305_52,a44a61b6-c2a2-11ea-89f8-0242ac110002,std_1594381439032_52,class_20200710-165305_52,7UBy-vDdQ,c3558bcf-4651-4d30-921b-d6d4f13ca220,31a9aea8-b189-43d2-88de-8bb90c12b14d,39af4843-8998-4205-9249-6ceda0c30db5,1d10c8bc-38c8-4038-bbcd-0b4026d589d0,78eb0653-2583-4ecd-a4f5-e01082d1464a,
tch_20200710-165305_57,a49e75b8-c2a2-11ea-89f8-0242ac110002,std_1594381439585_57,class_20200710-165305_57,ebfW-4dCR,f44ded3d-91d1-4120-8ea1-c5c1fbef4574,b5a7598e-689b-448b-b707-b884eeb10a02,f8704992-0893-44eb-933b-9274c1d00e90,7ff6a205-52db-4ae5-b6dd-98d1f60ef836,159ee5c4-d4f2-4d56-a517-2e457341bb96,
tch_20200710-165305_42,a3496cec-c2a2-11ea-96b3-0242ac110002,std_1594381437350_42,class_20200710-165305_42,LQ23-wQZY,0239bea9-22bf-4462-9192-393b5e2e5ecc,2c78541b-792e-48d3-861b-e5eedd019d0e,2951b501-c7e9-4a0a-84a1-a98d522422ef,a9af7fcf-058a-4973-940c-08580ade9438,0c4ae136-91f6-4e30-91ec-a7b430579909,
tch_20200710-165305_65,a49797c2-c2a2-11ea-89f8-0242ac110002,std_1594381439547_65,class_20200710-165305_65,9M6R-Ae27,95db7dca-e5b9-4b5d-8d51-64c625afa3d1,efd1aced-bd89-4f5c-9837-0ae3a5232d65,60a41abb-4297-490a-b44a-f96e2a8f29dd,6f7105f0-3740-4d24-b045-ed2a6ef89edc,1658b879-e7a0-4b2d-8d10-fc118effea07,
tch_20200710-165305_55,a6ba29d8-c2a2-11ea-acee-0242ac110002,std_1594381443115_55,class_20200710-165305_55,pumT-uF43,5c30b301-0f22-4c23-bbba-2411fa97e0d0,314e9f5c-f88c-49af-b885-d2c39f198990,7d40632d-d766-49ba-b8f9-d707a4ffdb32,0cb92745-5a0e-41d1-90ca-b88c31f4ab27,549ef6b6-4f94-4bba-a452-594ff092884f,
tch_20200710-165305_64,a83a60dc-c2a2-11ea-96b3-0242ac110002,std_1594381445648_64,class_20200710-165305_64,v9R4-trc3,6753d35d-ed3e-4a5d-a36b-5c5a207c332d,85435209-154d-47db-827e-278ad4d5bd99,6812bd4e-5f2d-469f-b31b-f3bcf1dde519,03d97d6d-bc6a-427c-9c65-f5a0970e737a,ce382e7d-e7f3-4b4d-a294-f3c402253e7e,
tch_20200710-165305_49,a9de73cc-c2a2-11ea-af23-0242ac110002,std_1594381448401_49,class_20200710-165305_49,2J7z-onsB,cf6f34b7-2cb2-4a81-b8c7-365ee96f51ea,d91d4fdc-1be3-45e0-9592-b3c2227d71d6,02a3050c-7147-40ce-89f7-e272c10199e3,70a0d91d-5166-4411-ba4c-335634ffde76,7100efe4-b037-467a-af83-a5220765bcf6,
tch_20200710-165305_63,aa96ee6a-c2a2-11ea-acee-0242ac110002,std_1594381449597_63,class_20200710-165305_63,AB43-mcac,58b52590-f84a-47cb-b782-786d0edde9a6,12aeed21-017e-406c-b40e-6525aa09b0a3,1477ffc5-b620-4c0b-a4a2-1a672cf3b41d,cfff63ef-3b21-4bf4-989d-8cc885a4461f,6ccffa5b-bd49-4f3a-8ea6-5816513aab39,
tch_20200710-165305_61,a7a8cf41-c2a2-11ea-af23-0242ac110002,std_1594381444685_61,class_20200710-165305_61,8Ms3-Zg37,a13c5759-792e-43a5-b2d2-389c842fffad,b56b279f-9710-43c0-8479-7720febafaa4,4c51714b-2d25-4ee1-8d03-2e788aa2e82c,eec9a537-97b7-41c3-9e8b-01ceeb789de6,8a8d4081-350d-4b51-b496-3278a7ab1f25,
tch_20200710-165305_45,a702f2af-c2a2-11ea-af23-0242ac110002,std_1594381443593_45,class_20200710-165305_45,jhaP-iAb3,c6988106-4db2-4724-8e5e-cac94d21ddc3,d9c157f7-1529-4233-98a7-44edec18ab3a,dd11dd0a-c321-47af-9cc9-3e0be7091b12,1019329f-acd5-480e-b3eb-0d2b28292952,09221674-8465-454b-9a09-8ce31e64897f,
tch_20200710-165305_50,a9e83814-c2a2-11ea-acee-0242ac110002,std_1594381448465_50,class_20200710-165305_50,unZ3-8FYi,71ba0202-7af3-43db-9cad-eb06056265f9,8c830248-b488-4147-9292-eaff523ff0f4,f75e1449-7c13-4df2-a4ce-626d02f927a8,92206d84-b00d-4da5-b834-b67a4234be08,5bf1e66c-b302-442f-b91b-97ce0b6f5f5a,
tch_20200710-165305_48,aaea8d1d-c2a2-11ea-89f8-0242ac110002,std_1594381450146_48,class_20200710-165305_48,9MBt-Ty7V,44527a62-c093-493c-ad05-24602b621fc8,3b6e4e95-a336-431d-bb9d-a28891ece2ec,085b3aa3-073c-4780-9774-de50e7725afb,8c904cf4-0f25-4681-ad42-8e338e12e455,af64afdd-8b69-40aa-8c2e-2413958c9a0e,
tch_20200710-165305_46,ab99914f-c2a2-11ea-af23-0242ac110002,std_1594381451283_46,class_20200710-165305_46,7j4y-9J3j,75fc6636-b5cb-4cad-a4c8-502641cc4a5c,aa7b608e-e228-42c3-8a36-0e5150ec5c03,9907b3f6-333a-49ce-9ef8-88958a16bf6e,8a159db8-9fdc-4bdc-acf8-bbba36ef04a6,e1ca8658-b141-4cec-82c9-2ab2ccdd4443,
tch_20200710-165305_60,a943ba70-c2a2-11ea-89f8-0242ac110002,std_1594381447375_60,class_20200710-165305_60,tvNc-RXiH,5c4ee1f3-7097-423d-85d3-293efada9793,778be11e-75f1-4920-a95f-a5f7b4f2a02d,1dcecf79-5b37-4d4a-807f-88873ee51571,98c281b4-c5a3-42f6-b485-e7ceb319df70,b9ce065a-fec2-4065-9f67-ac1d245f306d,
tch_20200710-165305_59,aceb8c7d-c2a2-11ea-96b3-0242ac110002,std_1594381453531_59,class_20200710-165305_59,uGoB-i9Xf,b20987dc-66d4-48fe-9c00-e96dbcfb1301,184ed715-fdfa-47b1-bfbf-97722c273054,2100c2f2-1162-43f4-93ad-a19d7cea98ad,5fdfe11b-9012-4a5a-a690-40ae98467308,aeb0b63d-ca7a-4fd2-8934-02d6a5bb63a7,
tch_20200710-165305_47,ac9c0d18-c2a2-11ea-96b3-0242ac110002,std_1594381453019_47,class_20200710-165305_47,y4up-Rez6,61b9316a-cfc0-43ba-b1fd-ea65bb68e202,7bc6091d-0a9f-4dfa-8ab6-c40b5a30550f,f189c2c2-a09f-4189-9c20-dc7d678b333a,56b7d9cc-d424-4b83-9020-a020942874f4,88b3fd6e-dfa0-4601-b1bd-3edf4f602e01,
tch_20200710-165305_51,ac7069d6-c2a2-11ea-96b3-0242ac110002,std_1594381452718_51,class_20200710-165305_51,Fn9B-bt2h,e19183bc-bfb0-4d63-a7fa-57b17074bf88,271412c4-6589-4a60-80ad-249a5374cf84,0cc0817f-7f86-4593-84b2-c69f9e407ec8,168deb3c-1d8a-4c78-98e8-e1a5246e7264,6073af4c-bf74-444e-b83a-6c5f80f84350,
tch_20200710-165305_43,acbfc210-c2a2-11ea-96b3-0242ac110002,std_1594381453243_43,class_20200710-165305_43,768F-7H2o,b04cbe99-4f99-4093-b830-9eafdc45bc9e,f40caa7e-dbae-435b-9294-55b8b80478b5,8a9f9c0e-7009-41ff-82da-7f2edcc84a05,43771258-ab3f-453e-adec-4c973e6b4050,8ca9a3fd-e685-41fd-b2a2-37ec483249ef,
tch_20200710-165305_58,adfab30d-c2a2-11ea-89f8-0242ac110002,std_1594381455289_58,class_20200710-165305_58,3eAU-m3w8,bfc142e3-1bd7-4e35-bd0d-8c222735e674,334f5abd-3a74-4bf2-aad4-ad1691932720,b6d14f94-885a-42fd-8b77-cdb812960806,0c88f10a-b9e6-4262-b356-57b8e22e632b,4b968926-ef5d-4acf-aab6-5d03cf3ccc92,
tch_20200710-165305_67,b0061330-c2a2-11ea-89f8-0242ac110002,std_1594381458428_67,class_20200710-165305_67,fB83-Cx7i,38922d60-f344-4c37-b6f6-17341e70b874,6ca88699-a115-4431-833f-7a2cd11e18bf,1d1807cf-5052-4bed-afb7-dc54ca273ec4,ce167b6d-c9f9-47ce-b7eb-adc1520bf645,742092f1-533b-4131-ba77-305b3e396f9c,
tch_20200710-165305_53,ad2513b2-c2a2-11ea-96b3-0242ac110002,std_1594381453883_53,class_20200710-165305_53,uHxj-Ls8t,a2828061-2dbb-467b-ae99-206f785e3f8a,ace623a2-60da-4b8c-baf4-67ff7cd42e5a,d2361723-8fc6-4dd1-8d35-c2371a320737,b1f2e40c-b2a3-4719-8fb2-625f0a27ecac,293a48fe-55b3-447e-86e2-e521ccf426bc,
tch_20200710-165305_44,b00f3b22-c2a2-11ea-acee-0242ac110002,std_1594381458788_44,class_20200710-165305_44,V3GB-9NkZ,1a92fee8-9ca6-48cb-bd0c-aeac83c5679d,c7fe462a-569e-467c-b93a-0807be168973,36626162-e6ee-4081-bc31-a70b50848fbd,c516bfbe-6366-4ce9-a13e-ea927c3b1a55,efc44269-e27b-4837-bbbe-ac2c0189c9e4,
tch_20200710-165305_56,ade35a3c-c2a2-11ea-89f8-0242ac110002,std_1594381455150_56,class_20200710-165305_56,2wYz-Wg3K,50895f2c-a88d-4b39-b898-e3838607a07a,75b97bcb-3ab2-440e-a8e3-dd6464c23c5e,52b7bdc8-acf6-48bb-bec6-1adc969a478d,65a7be10-4b6f-4007-b8cc-a188c6c1e2bc,f811c93c-6879-46fc-804d-0f038b895015,
tch_20200710-165305_54,b0536fa2-c2a2-11ea-89f8-0242ac110002,std_1594381459168_54,class_20200710-165305_54,fYeE-QAQi,d4856b82-c700-4fdb-b9a2-3e42ee7cc181,7a7edc27-c5fd-4fb1-9e45-b59c6328eba8,8605fb1c-38d1-4af4-87d8-274eb5dc53b0,81fef65a-42dc-465d-949e-b89a3585477c,a8d49cee-f5eb-410e-8ae0-76c2c066b6b8,
tch_20200710-165305_62,b133be31-c2a2-11ea-89f8-0242ac110002,std_1594381460669_62,class_20200710-165305_62,o6sK-64Pj,a1f64244-e3a4-447e-a72d-a9f9d4b818bd,7fd9b93c-7a32-4ce2-9fb6-f39f75d298da,8f6b7834-0ddf-4b72-a817-c6e32d29b8fa,22443983-fa72-43f8-a505-666245dcda7c,0eff07ba-9049-4d5c-bc59-b69733bf8ac4,
tch_20200710-165305_66,b1e35e7d-c2a2-11ea-89f8-0242ac110002,std_1594381461829_66,class_20200710-165305_66,GfrE-v2X8,b71b832b-b158-4cbe-a022-97f5fc540fe1,4cffd094-3101-494f-9453-c6b25b28515d,56707fb1-4ddf-410c-8247-162ab48abcd6,3aebb21e-0b0b-4dbc-8a53-591123a23c21,ffa01791-91d3-4af7-8ab5-b7859fc8ed1f,
tch_20200710-165305_65,b341b66b-c2a2-11ea-96b3-0242ac110002,std_1594381464152_65,class_20200710-165305_65,9M6R-Ae27,95db7dca-e5b9-4b5d-8d51-64c625afa3d1,efd1aced-bd89-4f5c-9837-0ae3a5232d65,60a41abb-4297-490a-b44a-f96e2a8f29dd,6f7105f0-3740-4d24-b045-ed2a6ef89edc,1658b879-e7a0-4b2d-8d10-fc118effea07,
tch_20200710-165305_57,b2c7561d-c2a2-11ea-89f8-0242ac110002,std_1594381463366_57,class_20200710-165305_57,ebfW-4dCR,f44ded3d-91d1-4120-8ea1-c5c1fbef4574,b5a7598e-689b-448b-b707-b884eeb10a02,f8704992-0893-44eb-933b-9274c1d00e90,7ff6a205-52db-4ae5-b6dd-98d1f60ef836,159ee5c4-d4f2-4d56-a517-2e457341bb96,
tch_20200710-165305_55,b40e06bf-c2a2-11ea-96b3-0242ac110002,std_1594381465457_55,class_20200710-165305_55,pumT-uF43,5c30b301-0f22-4c23-bbba-2411fa97e0d0,314e9f5c-f88c-49af-b885-d2c39f198990,7d40632d-d766-49ba-b8f9-d707a4ffdb32,0cb92745-5a0e-41d1-90ca-b88c31f4ab27,549ef6b6-4f94-4bba-a452-594ff092884f,
tch_20200710-165305_64,b52ff1f0-c2a2-11ea-acee-0242ac110002,std_1594381467397_64,class_20200710-165305_64,v9R4-trc3,6753d35d-ed3e-4a5d-a36b-5c5a207c332d,85435209-154d-47db-827e-278ad4d5bd99,6812bd4e-5f2d-469f-b31b-f3bcf1dde519,03d97d6d-bc6a-427c-9c65-f5a0970e737a,ce382e7d-e7f3-4b4d-a294-f3c402253e7e,
tch_20200710-165305_52,b29a2c00-c2a2-11ea-96b3-0242ac110002,std_1594381463034_52,class_20200710-165305_52,7UBy-vDdQ,c3558bcf-4651-4d30-921b-d6d4f13ca220,31a9aea8-b189-43d2-88de-8bb90c12b14d,39af4843-8998-4205-9249-6ceda0c30db5,1d10c8bc-38c8-4038-bbcd-0b4026d589d0,78eb0653-2583-4ecd-a4f5-e01082d1464a,
tch_20200710-165305_49,b584c8e3-c2a2-11ea-af23-0242ac110002,std_1594381467924_49,class_20200710-165305_49,2J7z-onsB,cf6f34b7-2cb2-4a81-b8c7-365ee96f51ea,d91d4fdc-1be3-45e0-9592-b3c2227d71d6,02a3050c-7147-40ce-89f7-e272c10199e3,70a0d91d-5166-4411-ba4c-335634ffde76,7100efe4-b037-467a-af83-a5220765bcf6,
tch_20200710-165305_63,b59bf9de-c2a2-11ea-acee-0242ac110002,std_1594381468108_63,class_20200710-165305_63,AB43-mcac,58b52590-f84a-47cb-b782-786d0edde9a6,12aeed21-017e-406c-b40e-6525aa09b0a3,1477ffc5-b620-4c0b-a4a2-1a672cf3b41d,cfff63ef-3b21-4bf4-989d-8cc885a4461f,6ccffa5b-bd49-4f3a-8ea6-5816513aab39,
tch_20200710-165305_61,b5f0aa28-c2a2-11ea-96b3-0242ac110002,std_1594381468643_61,class_20200710-165305_61,8Ms3-Zg37,a13c5759-792e-43a5-b2d2-389c842fffad,b56b279f-9710-43c0-8479-7720febafaa4,4c51714b-2d25-4ee1-8d03-2e788aa2e82c,eec9a537-97b7-41c3-9e8b-01ceeb789de6,8a8d4081-350d-4b51-b496-3278a7ab1f25,
tch_20200710-165305_45,b613e8e3-c2a2-11ea-acee-0242ac110002,std_1594381468854_45,class_20200710-165305_45,jhaP-iAb3,c6988106-4db2-4724-8e5e-cac94d21ddc3,d9c157f7-1529-4233-98a7-44edec18ab3a,dd11dd0a-c321-47af-9cc9-3e0be7091b12,1019329f-acd5-480e-b3eb-0d2b28292952,09221674-8465-454b-9a09-8ce31e64897f,
tch_20200710-165305_48,b7307cc1-c2a2-11ea-96b3-0242ac110002,std_1594381470737_48,class_20200710-165305_48,9MBt-Ty7V,44527a62-c093-493c-ad05-24602b621fc8,3b6e4e95-a336-431d-bb9d-a28891ece2ec,085b3aa3-073c-4780-9774-de50e7725afb,8c904cf4-0f25-4681-ad42-8e338e12e455,af64afdd-8b69-40aa-8c2e-2413958c9a0e,
tch_20200710-165305_50,b66e8cc8-c2a2-11ea-acee-0242ac110002,std_1594381469464_50,class_20200710-165305_50,unZ3-8FYi,71ba0202-7af3-43db-9cad-eb06056265f9,8c830248-b488-4147-9292-eaff523ff0f4,f75e1449-7c13-4df2-a4ce-626d02f927a8,92206d84-b00d-4da5-b834-b67a4234be08,5bf1e66c-b302-442f-b91b-97ce0b6f5f5a,
tch_20200710-165305_46,b74256c4-c2a2-11ea-af23-0242ac110002,std_1594381470885_46,class_20200710-165305_46,7j4y-9J3j,75fc6636-b5cb-4cad-a4c8-502641cc4a5c,aa7b608e-e228-42c3-8a36-0e5150ec5c03,9907b3f6-333a-49ce-9ef8-88958a16bf6e,8a159db8-9fdc-4bdc-acf8-bbba36ef04a6,e1ca8658-b141-4cec-82c9-2ab2ccdd4443,
tch_20200710-165305_60,b7f37e61-c2a2-11ea-acee-0242ac110002,std_1594381472010_60,class_20200710-165305_60,tvNc-RXiH,5c4ee1f3-7097-423d-85d3-293efada9793,778be11e-75f1-4920-a95f-a5f7b4f2a02d,1dcecf79-5b37-4d4a-807f-88873ee51571,98c281b4-c5a3-42f6-b485-e7ceb319df70,b9ce065a-fec2-4065-9f67-ac1d245f306d,
tch_20200710-165305_68,b9f89df0-c2a2-11ea-96b3-0242ac110002,std_1594381475145_68,class_20200710-165305_68,frC3-923J,88ba7407-3084-466c-8e3c-3824d7e3232a,e6754fea-137e-431e-adc5-4f460ebd17e4,bc08a067-d598-4e29-9287-65273d3525b8,70816637-f412-43ec-8015-ac672f4fb1a6,f4ca5fd4-a33f-44a1-8235-4b975d2e1f23,
tch_20200710-165305_47,b9be0563-c2a2-11ea-acee-0242ac110002,std_1594381475031_47,class_20200710-165305_47,y4up-Rez6,61b9316a-cfc0-43ba-b1fd-ea65bb68e202,7bc6091d-0a9f-4dfa-8ab6-c40b5a30550f,f189c2c2-a09f-4189-9c20-dc7d678b333a,56b7d9cc-d424-4b83-9020-a020942874f4,88b3fd6e-dfa0-4601-b1bd-3edf4f602e01,
tch_20200710-165305_62,bd84d135-c2a2-11ea-89f8-0242ac110002,std_1594381481366_62,class_20200710-165305_62,o6sK-64Pj,a1f64244-e3a4-447e-a72d-a9f9d4b818bd,7fd9b93c-7a32-4ce2-9fb6-f39f75d298da,8f6b7834-0ddf-4b72-a817-c6e32d29b8fa,22443983-fa72-43f8-a505-666245dcda7c,0eff07ba-9049-4d5c-bc59-b69733bf8ac4,
tch_20200710-165305_56,bd039324-c2a2-11ea-96b3-0242ac110002,std_1594381480519_56,class_20200710-165305_56,2wYz-Wg3K,50895f2c-a88d-4b39-b898-e3838607a07a,75b97bcb-3ab2-440e-a8e3-dd6464c23c5e,52b7bdc8-acf6-48bb-bec6-1adc969a478d,65a7be10-4b6f-4007-b8cc-a188c6c1e2bc,f811c93c-6879-46fc-804d-0f038b895015,
tch_20200710-165305_67,bc4c788f-c2a2-11ea-af23-0242ac110002,std_1594381479348_67,class_20200710-165305_67,fB83-Cx7i,38922d60-f344-4c37-b6f6-17341e70b874,6ca88699-a115-4431-833f-7a2cd11e18bf,1d1807cf-5052-4bed-afb7-dc54ca273ec4,ce167b6d-c9f9-47ce-b7eb-adc1520bf645,742092f1-533b-4131-ba77-305b3e396f9c,
tch_20200710-165305_59,b91f7baf-c2a2-11ea-89f8-0242ac110002,std_1594381473998_59,class_20200710-165305_59,uGoB-i9Xf,b20987dc-66d4-48fe-9c00-e96dbcfb1301,184ed715-fdfa-47b1-bfbf-97722c273054,2100c2f2-1162-43f4-93ad-a19d7cea98ad,5fdfe11b-9012-4a5a-a690-40ae98467308,aeb0b63d-ca7a-4fd2-8934-02d6a5bb63a7,
tch_20200710-165305_51,bbb6ef7b-c2a2-11ea-89f8-0242ac110002,std_1594381478340_51,class_20200710-165305_51,Fn9B-bt2h,e19183bc-bfb0-4d63-a7fa-57b17074bf88,271412c4-6589-4a60-80ad-249a5374cf84,0cc0817f-7f86-4593-84b2-c69f9e407ec8,168deb3c-1d8a-4c78-98e8-e1a5246e7264,6073af4c-bf74-444e-b83a-6c5f80f84350,
tch_20200710-165305_58,bc41f16b-c2a2-11ea-96b3-0242ac110002,std_1594381479258_58,class_20200710-165305_58,3eAU-m3w8,bfc142e3-1bd7-4e35-bd0d-8c222735e674,334f5abd-3a74-4bf2-aad4-ad1691932720,b6d14f94-885a-42fd-8b77-cdb812960806,0c88f10a-b9e6-4262-b356-57b8e22e632b,4b968926-ef5d-4acf-aab6-5d03cf3ccc92,
tch_20200710-165305_54,bd590640-c2a2-11ea-af23-0242ac110002,std_1594381481087_54,class_20200710-165305_54,fYeE-QAQi,d4856b82-c700-4fdb-b9a2-3e42ee7cc181,7a7edc27-c5fd-4fb1-9e45-b59c6328eba8,8605fb1c-38d1-4af4-87d8-274eb5dc53b0,81fef65a-42dc-465d-949e-b89a3585477c,a8d49cee-f5eb-410e-8ae0-76c2c066b6b8,
tch_20200710-165305_53,bc954178-c2a2-11ea-96b3-0242ac110002,std_1594381479771_53,class_20200710-165305_53,uHxj-Ls8t,a2828061-2dbb-467b-ae99-206f785e3f8a,ace623a2-60da-4b8c-baf4-67ff7cd42e5a,d2361723-8fc6-4dd1-8d35-c2371a320737,b1f2e40c-b2a3-4719-8fb2-625f0a27ecac,293a48fe-55b3-447e-86e2-e521ccf426bc,
tch_20200710-165305_66,bdd75e4c-c2a2-11ea-96b3-0242ac110002,std_1594381481798_66,class_20200710-165305_66,GfrE-v2X8,b71b832b-b158-4cbe-a022-97f5fc540fe1,4cffd094-3101-494f-9453-c6b25b28515d,56707fb1-4ddf-410c-8247-162ab48abcd6,3aebb21e-0b0b-4dbc-8a53-591123a23c21,ffa01791-91d3-4af7-8ab5-b7859fc8ed1f,
tch_20200710-165305_65,bf1953e1-c2a2-11ea-89f8-0242ac110002,std_1594381484025_65,class_20200710-165305_65,9M6R-Ae27,95db7dca-e5b9-4b5d-8d51-64c625afa3d1,efd1aced-bd89-4f5c-9837-0ae3a5232d65,60a41abb-4297-490a-b44a-f96e2a8f29dd,6f7105f0-3740-4d24-b045-ed2a6ef89edc,1658b879-e7a0-4b2d-8d10-fc118effea07,
tch_20200710-165305_52,c211fad8-c2a2-11ea-acee-0242ac110002,std_1594381489023_52,class_20200710-165305_52,7UBy-vDdQ,c3558bcf-4651-4d30-921b-d6d4f13ca220,31a9aea8-b189-43d2-88de-8bb90c12b14d,39af4843-8998-4205-9249-6ceda0c30db5,1d10c8bc-38c8-4038-bbcd-0b4026d589d0,78eb0653-2583-4ecd-a4f5-e01082d1464a,
tch_20200710-165305_49,c263eb7c-c2a2-11ea-af23-0242ac110002,std_1594381489557_49,class_20200710-165305_49,2J7z-onsB,cf6f34b7-2cb2-4a81-b8c7-365ee96f51ea,d91d4fdc-1be3-45e0-9592-b3c2227d71d6,02a3050c-7147-40ce-89f7-e272c10199e3,70a0d91d-5166-4411-ba4c-335634ffde76,7100efe4-b037-467a-af83-a5220765bcf6,
tch_20200710-165305_55,c0b9e4e3-c2a2-11ea-acee-0242ac110002,std_1594381486751_55,class_20200710-165305_55,pumT-uF43,5c30b301-0f22-4c23-bbba-2411fa97e0d0,314e9f5c-f88c-49af-b885-d2c39f198990,7d40632d-d766-49ba-b8f9-d707a4ffdb32,0cb92745-5a0e-41d1-90ca-b88c31f4ab27,549ef6b6-4f94-4bba-a452-594ff092884f,
tch_20200710-165305_57,bfcb181a-c2a2-11ea-96b3-0242ac110002,std_1594381485164_57,class_20200710-165305_57,ebfW-4dCR,f44ded3d-91d1-4120-8ea1-c5c1fbef4574,b5a7598e-689b-448b-b707-b884eeb10a02,f8704992-0893-44eb-933b-9274c1d00e90,7ff6a205-52db-4ae5-b6dd-98d1f60ef836,159ee5c4-d4f2-4d56-a517-2e457341bb96,
tch_20200710-165305_64,c1cb546c-c2a2-11ea-acee-0242ac110002,std_1594381488550_64,class_20200710-165305_64,v9R4-trc3,6753d35d-ed3e-4a5d-a36b-5c5a207c332d,85435209-154d-47db-827e-278ad4d5bd99,6812bd4e-5f2d-469f-b31b-f3bcf1dde519,03d97d6d-bc6a-427c-9c65-f5a0970e737a,ce382e7d-e7f3-4b4d-a294-f3c402253e7e,
tch_20200710-165305_69,c3fefdf8-c2a2-11ea-96b3-0242ac110002,std_1594381491962_69,class_20200710-165305_69,AuJ3-syn7,81325b62-2324-4afc-a542-59108f627220,ad374646-4c35-48c7-9cf5-fa36444cbddc,6be68858-96da-4b0e-b9cf-5f36898dd03c,a96b3fcc-dfaa-496b-8fbf-63debebd970a,b8f57e1f-9ecb-4937-8e56-5222f932efd3,
tch_20200710-165305_63,c26b8c82-c2a2-11ea-89f8-0242ac110002,std_1594381489588_63,class_20200710-165305_63,AB43-mcac,58b52590-f84a-47cb-b782-786d0edde9a6,12aeed21-017e-406c-b40e-6525aa09b0a3,1477ffc5-b620-4c0b-a4a2-1a672cf3b41d,cfff63ef-3b21-4bf4-989d-8cc885a4461f,6ccffa5b-bd49-4f3a-8ea6-5816513aab39,
tch_20200710-165305_61,c32985aa-c2a2-11ea-acee-0242ac110002,std_1594381490822_61,class_20200710-165305_61,8Ms3-Zg37,a13c5759-792e-43a5-b2d2-389c842fffad,b56b279f-9710-43c0-8479-7720febafaa4,4c51714b-2d25-4ee1-8d03-2e788aa2e82c,eec9a537-97b7-41c3-9e8b-01ceeb789de6,8a8d4081-350d-4b51-b496-3278a7ab1f25,
tch_20200710-165305_50,c46c8ca2-c2a2-11ea-96b3-0242ac110002,std_1594381492919_50,class_20200710-165305_50,unZ3-8FYi,71ba0202-7af3-43db-9cad-eb06056265f9,8c830248-b488-4147-9292-eaff523ff0f4,f75e1449-7c13-4df2-a4ce-626d02f927a8,92206d84-b00d-4da5-b834-b67a4234be08,5bf1e66c-b302-442f-b91b-97ce0b6f5f5a,
tch_20200710-165305_45,c3735fe4-c2a2-11ea-96b3-0242ac110002,std_1594381491339_45,class_20200710-165305_45,jhaP-iAb3,c6988106-4db2-4724-8e5e-cac94d21ddc3,d9c157f7-1529-4233-98a7-44edec18ab3a,dd11dd0a-c321-47af-9cc9-3e0be7091b12,1019329f-acd5-480e-b3eb-0d2b28292952,09221674-8465-454b-9a09-8ce31e64897f,
tch_20200710-165305_46,c4ac542e-c2a2-11ea-af23-0242ac110002,std_1594381493343_46,class_20200710-165305_46,7j4y-9J3j,75fc6636-b5cb-4cad-a4c8-502641cc4a5c,aa7b608e-e228-42c3-8a36-0e5150ec5c03,9907b3f6-333a-49ce-9ef8-88958a16bf6e,8a159db8-9fdc-4bdc-acf8-bbba36ef04a6,e1ca8658-b141-4cec-82c9-2ab2ccdd4443,
tch_20200710-165305_48,c3eb75d0-c2a2-11ea-af23-0242ac110002,std_1594381492100_48,class_20200710-165305_48,9MBt-Ty7V,44527a62-c093-493c-ad05-24602b621fc8,3b6e4e95-a336-431d-bb9d-a28891ece2ec,085b3aa3-073c-4780-9774-de50e7725afb,8c904cf4-0f25-4681-ad42-8e338e12e455,af64afdd-8b69-40aa-8c2e-2413958c9a0e,
tch_20200710-165305_60,c7308e23-c2a2-11ea-96b3-0242ac110002,std_1594381497602_60,class_20200710-165305_60,tvNc-RXiH,5c4ee1f3-7097-423d-85d3-293efada9793,778be11e-75f1-4920-a95f-a5f7b4f2a02d,1dcecf79-5b37-4d4a-807f-88873ee51571,98c281b4-c5a3-42f6-b485-e7ceb319df70,b9ce065a-fec2-4065-9f67-ac1d245f306d,
tch_20200710-165305_62,c847079d-c2a2-11ea-89f8-0242ac110002,std_1594381499417_62,class_20200710-165305_62,o6sK-64Pj,a1f64244-e3a4-447e-a72d-a9f9d4b818bd,7fd9b93c-7a32-4ce2-9fb6-f39f75d298da,8f6b7834-0ddf-4b72-a817-c6e32d29b8fa,22443983-fa72-43f8-a505-666245dcda7c,0eff07ba-9049-4d5c-bc59-b69733bf8ac4,
tch_20200710-165305_67,c8959cbc-c2a2-11ea-af23-0242ac110002,std_1594381499955_67,class_20200710-165305_67,fB83-Cx7i,38922d60-f344-4c37-b6f6-17341e70b874,6ca88699-a115-4431-833f-7a2cd11e18bf,1d1807cf-5052-4bed-afb7-dc54ca273ec4,ce167b6d-c9f9-47ce-b7eb-adc1520bf645,742092f1-533b-4131-ba77-305b3e396f9c,
tch_20200710-165305_68,c7494653-c2a2-11ea-acee-0242ac110002,std_1594381497749_68,class_20200710-165305_68,frC3-923J,88ba7407-3084-466c-8e3c-3824d7e3232a,e6754fea-137e-431e-adc5-4f460ebd17e4,bc08a067-d598-4e29-9287-65273d3525b8,70816637-f412-43ec-8015-ac672f4fb1a6,f4ca5fd4-a33f-44a1-8235-4b975d2e1f23,
tch_20200710-165305_58,c9fa3625-c2a2-11ea-acee-0242ac110002,std_1594381502241_58,class_20200710-165305_58,3eAU-m3w8,bfc142e3-1bd7-4e35-bd0d-8c222735e674,334f5abd-3a74-4bf2-aad4-ad1691932720,b6d14f94-885a-42fd-8b77-cdb812960806,0c88f10a-b9e6-4262-b356-57b8e22e632b,4b968926-ef5d-4acf-aab6-5d03cf3ccc92,
tch_20200710-165305_47,c7f0aa91-c2a2-11ea-96b3-0242ac110002,std_1594381498868_47,class_20200710-165305_47,y4up-Rez6,61b9316a-cfc0-43ba-b1fd-ea65bb68e202,7bc6091d-0a9f-4dfa-8ab6-c40b5a30550f,f189c2c2-a09f-4189-9c20-dc7d678b333a,56b7d9cc-d424-4b83-9020-a020942874f4,88b3fd6e-dfa0-4601-b1bd-3edf4f602e01,
tch_20200710-165305_51,c92e8105-c2a2-11ea-89f8-0242ac110002,std_1594381500912_51,class_20200710-165305_51,Fn9B-bt2h,e19183bc-bfb0-4d63-a7fa-57b17074bf88,271412c4-6589-4a60-80ad-249a5374cf84,0cc0817f-7f86-4593-84b2-c69f9e407ec8,168deb3c-1d8a-4c78-98e8-e1a5246e7264,6073af4c-bf74-444e-b83a-6c5f80f84350,
tch_20200710-165305_56,c890bb11-c2a2-11ea-96b3-0242ac110002,std_1594381499900_56,class_20200710-165305_56,2wYz-Wg3K,50895f2c-a88d-4b39-b898-e3838607a07a,75b97bcb-3ab2-440e-a8e3-dd6464c23c5e,52b7bdc8-acf6-48bb-bec6-1adc969a478d,65a7be10-4b6f-4007-b8cc-a188c6c1e2bc,f811c93c-6879-46fc-804d-0f038b895015,
tch_20200710-165305_53,cc49a449-c2a2-11ea-96b3-0242ac110002,std_1594381506155_53,class_20200710-165305_53,uHxj-Ls8t,a2828061-2dbb-467b-ae99-206f785e3f8a,ace623a2-60da-4b8c-baf4-67ff7cd42e5a,d2361723-8fc6-4dd1-8d35-c2371a320737,b1f2e40c-b2a3-4719-8fb2-625f0a27ecac,293a48fe-55b3-447e-86e2-e521ccf426bc,
tch_20200710-165305_59,c9094612-c2a2-11ea-af23-0242ac110002,std_1594381500662_59,class_20200710-165305_59,uGoB-i9Xf,b20987dc-66d4-48fe-9c00-e96dbcfb1301,184ed715-fdfa-47b1-bfbf-97722c273054,2100c2f2-1162-43f4-93ad-a19d7cea98ad,5fdfe11b-9012-4a5a-a690-40ae98467308,aeb0b63d-ca7a-4fd2-8934-02d6a5bb63a7,
tch_20200710-165305_54,ca7706f8-c2a2-11ea-af23-0242ac110002,std_1594381503073_54,class_20200710-165305_54,fYeE-QAQi,d4856b82-c700-4fdb-b9a2-3e42ee7cc181,7a7edc27-c5fd-4fb1-9e45-b59c6328eba8,8605fb1c-38d1-4af4-87d8-274eb5dc53b0,81fef65a-42dc-465d-949e-b89a3585477c,a8d49cee-f5eb-410e-8ae0-76c2c066b6b8,
tch_20200710-165305_66,cc9971e1-c2a2-11ea-89f8-0242ac110002,std_1594381506678_66,class_20200710-165305_66,GfrE-v2X8,b71b832b-b158-4cbe-a022-97f5fc540fe1,4cffd094-3101-494f-9453-c6b25b28515d,56707fb1-4ddf-410c-8247-162ab48abcd6,3aebb21e-0b0b-4dbc-8a53-591123a23c21,ffa01791-91d3-4af7-8ab5-b7859fc8ed1f,
tch_20200710-165305_52,ce3324f6-c2a2-11ea-af23-0242ac110002,std_1594381509332_52,class_20200710-165305_52,7UBy-vDdQ,c3558bcf-4651-4d30-921b-d6d4f13ca220,31a9aea8-b189-43d2-88de-8bb90c12b14d,39af4843-8998-4205-9249-6ceda0c30db5,1d10c8bc-38c8-4038-bbcd-0b4026d589d0,78eb0653-2583-4ecd-a4f5-e01082d1464a,
tch_20200710-165305_65,ce0cd7f0-c2a2-11ea-af23-0242ac110002,std_1594381509112_65,class_20200710-165305_65,9M6R-Ae27,95db7dca-e5b9-4b5d-8d51-64c625afa3d1,efd1aced-bd89-4f5c-9837-0ae3a5232d65,60a41abb-4297-490a-b44a-f96e2a8f29dd,6f7105f0-3740-4d24-b045-ed2a6ef89edc,1658b879-e7a0-4b2d-8d10-fc118effea07,
tch_20200710-165305_49,ce441433-c2a2-11ea-96b3-0242ac110002,std_1594381509482_49,class_20200710-165305_49,2J7z-onsB,cf6f34b7-2cb2-4a81-b8c7-365ee96f51ea,d91d4fdc-1be3-45e0-9592-b3c2227d71d6,02a3050c-7147-40ce-89f7-e272c10199e3,70a0d91d-5166-4411-ba4c-335634ffde76,7100efe4-b037-467a-af83-a5220765bcf6,
tch_20200710-165305_57,cfaa340d-c2a2-11ea-acee-0242ac110002,std_1594381511748_57,class_20200710-165305_57,ebfW-4dCR,f44ded3d-91d1-4120-8ea1-c5c1fbef4574,b5a7598e-689b-448b-b707-b884eeb10a02,f8704992-0893-44eb-933b-9274c1d00e90,7ff6a205-52db-4ae5-b6dd-98d1f60ef836,159ee5c4-d4f2-4d56-a517-2e457341bb96,
tch_20200710-165305_69,cfe40944-c2a2-11ea-acee-0242ac110002,std_1594381512064_69,class_20200710-165305_69,AuJ3-syn7,81325b62-2324-4afc-a542-59108f627220,ad374646-4c35-48c7-9cf5-fa36444cbddc,6be68858-96da-4b0e-b9cf-5f36898dd03c,a96b3fcc-dfaa-496b-8fbf-63debebd970a,b8f57e1f-9ecb-4937-8e56-5222f932efd3,
tch_20200710-165305_70,ce6caaff-c2a2-11ea-acee-0242ac110002,std_1594381509436_70,class_20200710-165305_70,VJGe-9HGv,eb2b4cf9-9b2a-40f8-803c-429cacccea61,cbc5db44-813d-4cd6-b1bf-148e779c3fc6,6524b889-9452-4d19-bee3-0ee68b92fd17,977a4df7-0434-4901-bf63-8a0d9ff8c16a,30fa836d-be81-4f6e-acd6-c821c4d3a96a,
tch_20200710-165305_55,ceca0da3-c2a2-11ea-89f8-0242ac110002,std_1594381510322_55,class_20200710-165305_55,pumT-uF43,5c30b301-0f22-4c23-bbba-2411fa97e0d0,314e9f5c-f88c-49af-b885-d2c39f198990,7d40632d-d766-49ba-b8f9-d707a4ffdb32,0cb92745-5a0e-41d1-90ca-b88c31f4ab27,549ef6b6-4f94-4bba-a452-594ff092884f,
tch_20200710-165305_64,cfa9e607-c2a2-11ea-af23-0242ac110002,std_1594381511811_64,class_20200710-165305_64,v9R4-trc3,6753d35d-ed3e-4a5d-a36b-5c5a207c332d,85435209-154d-47db-827e-278ad4d5bd99,6812bd4e-5f2d-469f-b31b-f3bcf1dde519,03d97d6d-bc6a-427c-9c65-f5a0970e737a,ce382e7d-e7f3-4b4d-a294-f3c402253e7e,
tch_20200710-165305_63,d0422eb5-c2a2-11ea-89f8-0242ac110002,std_1594381512802_63,class_20200710-165305_63,AB43-mcac,58b52590-f84a-47cb-b782-786d0edde9a6,12aeed21-017e-406c-b40e-6525aa09b0a3,1477ffc5-b620-4c0b-a4a2-1a672cf3b41d,cfff63ef-3b21-4bf4-989d-8cc885a4461f,6ccffa5b-bd49-4f3a-8ea6-5816513aab39,
tch_20200710-165305_61,d16c0826-c2a2-11ea-af23-0242ac110002,std_1594381514747_61,class_20200710-165305_61,8Ms3-Zg37,a13c5759-792e-43a5-b2d2-389c842fffad,b56b279f-9710-43c0-8479-7720febafaa4,4c51714b-2d25-4ee1-8d03-2e788aa2e82c,eec9a537-97b7-41c3-9e8b-01ceeb789de6,8a8d4081-350d-4b51-b496-3278a7ab1f25,
tch_20200710-165305_48,d3b44ac7-c2a2-11ea-acee-0242ac110002,std_1594381518592_48,class_20200710-165305_48,9MBt-Ty7V,44527a62-c093-493c-ad05-24602b621fc8,3b6e4e95-a336-431d-bb9d-a28891ece2ec,085b3aa3-073c-4780-9774-de50e7725afb,8c904cf4-0f25-4681-ad42-8e338e12e455,af64afdd-8b69-40aa-8c2e-2413958c9a0e,
tch_20200710-165305_60,d3d8c238-c2a2-11ea-af23-0242ac110002,std_1594381518845_60,class_20200710-165305_60,tvNc-RXiH,5c4ee1f3-7097-423d-85d3-293efada9793,778be11e-75f1-4920-a95f-a5f7b4f2a02d,1dcecf79-5b37-4d4a-807f-88873ee51571,98c281b4-c5a3-42f6-b485-e7ceb319df70,b9ce065a-fec2-4065-9f67-ac1d245f306d,
tch_20200710-165305_50,d243f179-c2a2-11ea-af23-0242ac110002,std_1594381516186_50,class_20200710-165305_50,unZ3-8FYi,71ba0202-7af3-43db-9cad-eb06056265f9,8c830248-b488-4147-9292-eaff523ff0f4,f75e1449-7c13-4df2-a4ce-626d02f927a8,92206d84-b00d-4da5-b834-b67a4234be08,5bf1e66c-b302-442f-b91b-97ce0b6f5f5a,
tch_20200710-165305_62,d519ce5d-c2a2-11ea-af23-0242ac110002,std_1594381520949_62,class_20200710-165305_62,o6sK-64Pj,a1f64244-e3a4-447e-a72d-a9f9d4b818bd,7fd9b93c-7a32-4ce2-9fb6-f39f75d298da,8f6b7834-0ddf-4b72-a817-c6e32d29b8fa,22443983-fa72-43f8-a505-666245dcda7c,0eff07ba-9049-4d5c-bc59-b69733bf8ac4,
tch_20200710-165305_68,d5b63518-c2a2-11ea-acee-0242ac110002,std_1594381521959_68,class_20200710-165305_68,frC3-923J,88ba7407-3084-466c-8e3c-3824d7e3232a,e6754fea-137e-431e-adc5-4f460ebd17e4,bc08a067-d598-4e29-9287-65273d3525b8,70816637-f412-43ec-8015-ac672f4fb1a6,f4ca5fd4-a33f-44a1-8235-4b975d2e1f23,
tch_20200710-165305_67,d57b75c7-c2a2-11ea-89f8-0242ac110002,std_1594381521580_67,class_20200710-165305_67,fB83-Cx7i,38922d60-f344-4c37-b6f6-17341e70b874,6ca88699-a115-4431-833f-7a2cd11e18bf,1d1807cf-5052-4bed-afb7-dc54ca273ec4,ce167b6d-c9f9-47ce-b7eb-adc1520bf645,742092f1-533b-4131-ba77-305b3e396f9c,
tch_20200710-165305_58,d6b10fc2-c2a2-11ea-af23-0242ac110002,std_1594381523563_58,class_20200710-165305_58,3eAU-m3w8,bfc142e3-1bd7-4e35-bd0d-8c222735e674,334f5abd-3a74-4bf2-aad4-ad1691932720,b6d14f94-885a-42fd-8b77-cdb812960806,0c88f10a-b9e6-4262-b356-57b8e22e632b,4b968926-ef5d-4acf-aab6-5d03cf3ccc92,
tch_20200710-165305_51,d73b27f6-c2a2-11ea-96b3-0242ac110002,std_1594381524502_51,class_20200710-165305_51,Fn9B-bt2h,e19183bc-bfb0-4d63-a7fa-57b17074bf88,271412c4-6589-4a60-80ad-249a5374cf84,0cc0817f-7f86-4593-84b2-c69f9e407ec8,168deb3c-1d8a-4c78-98e8-e1a5246e7264,6073af4c-bf74-444e-b83a-6c5f80f84350,
tch_20200710-165305_56,d769ff6a-c2a2-11ea-89f8-0242ac110002,std_1594381524814_56,class_20200710-165305_56,2wYz-Wg3K,50895f2c-a88d-4b39-b898-e3838607a07a,75b97bcb-3ab2-440e-a8e3-dd6464c23c5e,52b7bdc8-acf6-48bb-bec6-1adc969a478d,65a7be10-4b6f-4007-b8cc-a188c6c1e2bc,f811c93c-6879-46fc-804d-0f038b895015,
tch_20200710-165305_47,d700dd7c-c2a2-11ea-96b3-0242ac110002,std_1594381524128_47,class_20200710-165305_47,y4up-Rez6,61b9316a-cfc0-43ba-b1fd-ea65bb68e202,7bc6091d-0a9f-4dfa-8ab6-c40b5a30550f,f189c2c2-a09f-4189-9c20-dc7d678b333a,56b7d9cc-d424-4b83-9020-a020942874f4,88b3fd6e-dfa0-4601-b1bd-3edf4f602e01,
tch_20200710-165305_59,d8c8cc9e-c2a2-11ea-89f8-0242ac110002,std_1594381527101_59,class_20200710-165305_59,uGoB-i9Xf,b20987dc-66d4-48fe-9c00-e96dbcfb1301,184ed715-fdfa-47b1-bfbf-97722c273054,2100c2f2-1162-43f4-93ad-a19d7cea98ad,5fdfe11b-9012-4a5a-a690-40ae98467308,aeb0b63d-ca7a-4fd2-8934-02d6a5bb63a7,
tch_20200710-165305_53,d80fdc69-c2a2-11ea-af23-0242ac110002,std_1594381525929_53,class_20200710-165305_53,uHxj-Ls8t,a2828061-2dbb-467b-ae99-206f785e3f8a,ace623a2-60da-4b8c-baf4-67ff7cd42e5a,d2361723-8fc6-4dd1-8d35-c2371a320737,b1f2e40c-b2a3-4719-8fb2-625f0a27ecac,293a48fe-55b3-447e-86e2-e521ccf426bc,
tch_20200710-165305_54,d8d80f04-c2a2-11ea-89f8-0242ac110002,std_1594381527199_54,class_20200710-165305_54,fYeE-QAQi,d4856b82-c700-4fdb-b9a2-3e42ee7cc181,7a7edc27-c5fd-4fb1-9e45-b59c6328eba8,8605fb1c-38d1-4af4-87d8-274eb5dc53b0,81fef65a-42dc-465d-949e-b89a3585477c,a8d49cee-f5eb-410e-8ae0-76c2c066b6b8,
tch_20200710-165305_65,db336397-c2a2-11ea-89f8-0242ac110002,std_1594381531157_65,class_20200710-165305_65,9M6R-Ae27,95db7dca-e5b9-4b5d-8d51-64c625afa3d1,efd1aced-bd89-4f5c-9837-0ae3a5232d65,60a41abb-4297-490a-b44a-f96e2a8f29dd,6f7105f0-3740-4d24-b045-ed2a6ef89edc,1658b879-e7a0-4b2d-8d10-fc118effea07,
tch_20200710-165305_52,daf74537-c2a2-11ea-acee-0242ac110002,std_1594381530784_52,class_20200710-165305_52,7UBy-vDdQ,c3558bcf-4651-4d30-921b-d6d4f13ca220,31a9aea8-b189-43d2-88de-8bb90c12b14d,39af4843-8998-4205-9249-6ceda0c30db5,1d10c8bc-38c8-4038-bbcd-0b4026d589d0,78eb0653-2583-4ecd-a4f5-e01082d1464a,
tch_20200710-165305_49,db7e4f7c-c2a2-11ea-96b3-0242ac110002,std_1594381531667_49,class_20200710-165305_49,2J7z-onsB,cf6f34b7-2cb2-4a81-b8c7-365ee96f51ea,d91d4fdc-1be3-45e0-9592-b3c2227d71d6,02a3050c-7147-40ce-89f7-e272c10199e3,70a0d91d-5166-4411-ba4c-335634ffde76,7100efe4-b037-467a-af83-a5220765bcf6,
tch_20200710-165305_57,dd62ee30-c2a2-11ea-89f8-0242ac110002,std_1594381534833_57,class_20200710-165305_57,ebfW-4dCR,f44ded3d-91d1-4120-8ea1-c5c1fbef4574,b5a7598e-689b-448b-b707-b884eeb10a02,f8704992-0893-44eb-933b-9274c1d00e90,7ff6a205-52db-4ae5-b6dd-98d1f60ef836,159ee5c4-d4f2-4d56-a517-2e457341bb96,
tch_20200710-165305_66,dad93613-c2a2-11ea-89f8-0242ac110002,std_1594381530564_66,class_20200710-165305_66,GfrE-v2X8,b71b832b-b158-4cbe-a022-97f5fc540fe1,4cffd094-3101-494f-9453-c6b25b28515d,56707fb1-4ddf-410c-8247-162ab48abcd6,3aebb21e-0b0b-4dbc-8a53-591123a23c21,ffa01791-91d3-4af7-8ab5-b7859fc8ed1f,
tch_20200710-165305_69,de0102aa-c2a2-11ea-89f8-0242ac110002,std_1594381535842_69,class_20200710-165305_69,AuJ3-syn7,81325b62-2324-4afc-a542-59108f627220,ad374646-4c35-48c7-9cf5-fa36444cbddc,6be68858-96da-4b0e-b9cf-5f36898dd03c,a96b3fcc-dfaa-496b-8fbf-63debebd970a,b8f57e1f-9ecb-4937-8e56-5222f932efd3,
tch_20200710-165305_55,de6ee02b-c2a2-11ea-acee-0242ac110002,std_1594381536601_55,class_20200710-165305_55,pumT-uF43,5c30b301-0f22-4c23-bbba-2411fa97e0d0,314e9f5c-f88c-49af-b885-d2c39f198990,7d40632d-d766-49ba-b8f9-d707a4ffdb32,0cb92745-5a0e-41d1-90ca-b88c31f4ab27,549ef6b6-4f94-4bba-a452-594ff092884f,
tch_20200710-165305_71,ddde5f17-c2a2-11ea-89f8-0242ac110002,std_1594381535356_71,class_20200710-165305_71,3Myu-6wFc,d4ac39c9-d851-493e-80b1-701c184eeee1,c474fa58-c198-4f68-9a48-6205b0f6220c,d8e5be2d-5f9e-4401-aa48-3656de183c78,3f62b1a0-0cc8-4dfe-8c36-0ba41d34d876,8fec0bd4-8e91-4462-ae84-f9e9ffa517d9,
tch_20200710-165305_63,df580788-c2a2-11ea-af23-0242ac110002,std_1594381538122_63,class_20200710-165305_63,AB43-mcac,58b52590-f84a-47cb-b782-786d0edde9a6,12aeed21-017e-406c-b40e-6525aa09b0a3,1477ffc5-b620-4c0b-a4a2-1a672cf3b41d,cfff63ef-3b21-4bf4-989d-8cc885a4461f,6ccffa5b-bd49-4f3a-8ea6-5816513aab39,
tch_20200710-165305_60,e0ff0093-c2a2-11ea-89f8-0242ac110002,std_1594381540886_60,class_20200710-165305_60,tvNc-RXiH,5c4ee1f3-7097-423d-85d3-293efada9793,778be11e-75f1-4920-a95f-a5f7b4f2a02d,1dcecf79-5b37-4d4a-807f-88873ee51571,98c281b4-c5a3-42f6-b485-e7ceb319df70,b9ce065a-fec2-4065-9f67-ac1d245f306d,
tch_20200710-165305_64,dec22ffd-c2a2-11ea-acee-0242ac110002,std_1594381537132_64,class_20200710-165305_64,v9R4-trc3,6753d35d-ed3e-4a5d-a36b-5c5a207c332d,85435209-154d-47db-827e-278ad4d5bd99,6812bd4e-5f2d-469f-b31b-f3bcf1dde519,03d97d6d-bc6a-427c-9c65-f5a0970e737a,ce382e7d-e7f3-4b4d-a294-f3c402253e7e,
tch_20200710-165305_48,e0282879-c2a2-11ea-af23-0242ac110002,std_1594381539478_48,class_20200710-165305_48,9MBt-Ty7V,44527a62-c093-493c-ad05-24602b621fc8,3b6e4e95-a336-431d-bb9d-a28891ece2ec,085b3aa3-073c-4780-9774-de50e7725afb,8c904cf4-0f25-4681-ad42-8e338e12e455,af64afdd-8b69-40aa-8c2e-2413958c9a0e,
tch_20200710-165305_70,de470c60-c2a2-11ea-acee-0242ac110002,std_1594381536345_70,class_20200710-165305_70,VJGe-9HGv,eb2b4cf9-9b2a-40f8-803c-429cacccea61,cbc5db44-813d-4cd6-b1bf-148e779c3fc6,6524b889-9452-4d19-bee3-0ee68b92fd17,977a4df7-0434-4901-bf63-8a0d9ff8c16a,30fa836d-be81-4f6e-acd6-c821c4d3a96a,
tch_20200710-165305_61,e02b0ef3-c2a2-11ea-96b3-0242ac110002,std_1594381539477_61,class_20200710-165305_61,8Ms3-Zg37,a13c5759-792e-43a5-b2d2-389c842fffad,b56b279f-9710-43c0-8479-7720febafaa4,4c51714b-2d25-4ee1-8d03-2e788aa2e82c,eec9a537-97b7-41c3-9e8b-01ceeb789de6,8a8d4081-350d-4b51-b496-3278a7ab1f25,
tch_20200710-165305_62,e38472c6-c2a2-11ea-af23-0242ac110002,std_1594381545105_62,class_20200710-165305_62,o6sK-64Pj,a1f64244-e3a4-447e-a72d-a9f9d4b818bd,7fd9b93c-7a32-4ce2-9fb6-f39f75d298da,8f6b7834-0ddf-4b72-a817-c6e32d29b8fa,22443983-fa72-43f8-a505-666245dcda7c,0eff07ba-9049-4d5c-bc59-b69733bf8ac4,
tch_20200710-165305_50,e21021fb-c2a2-11ea-96b3-0242ac110002,std_1594381542690_50,class_20200710-165305_50,unZ3-8FYi,71ba0202-7af3-43db-9cad-eb06056265f9,8c830248-b488-4147-9292-eaff523ff0f4,f75e1449-7c13-4df2-a4ce-626d02f927a8,92206d84-b00d-4da5-b834-b67a4234be08,5bf1e66c-b302-442f-b91b-97ce0b6f5f5a,
tch_20200710-165305_51,e45cf89d-c2a2-11ea-89f8-0242ac110002,std_1594381546536_51,class_20200710-165305_51,Fn9B-bt2h,e19183bc-bfb0-4d63-a7fa-57b17074bf88,271412c4-6589-4a60-80ad-249a5374cf84,0cc0817f-7f86-4593-84b2-c69f9e407ec8,168deb3c-1d8a-4c78-98e8-e1a5246e7264,6073af4c-bf74-444e-b83a-6c5f80f84350,
tch_20200710-165305_56,e50f7f3f-c2a2-11ea-96b3-0242ac110002,std_1594381547692_56,class_20200710-165305_56,2wYz-Wg3K,50895f2c-a88d-4b39-b898-e3838607a07a,75b97bcb-3ab2-440e-a8e3-dd6464c23c5e,52b7bdc8-acf6-48bb-bec6-1adc969a478d,65a7be10-4b6f-4007-b8cc-a188c6c1e2bc,f811c93c-6879-46fc-804d-0f038b895015,
tch_20200710-165305_72,e5d5b5a8-c2a2-11ea-96b3-0242ac110002,std_1594381548734_72,class_20200710-165305_72,XqJ3-FmKc,34e770d0-4922-4ba9-a2c1-09ec0bdcae96,875edea8-1c38-41f4-bfcf-524200ae0f03,1f41c443-2592-4f77-8c22-33f2cbd3d295,e294e4fd-9ceb-4c12-a81d-c575d8c2e69d,0540d470-8f49-4727-bd00-70bcbea88b73,
tch_20200710-165305_67,e40d2b27-c2a2-11ea-acee-0242ac110002,std_1594381545972_67,class_20200710-165305_67,fB83-Cx7i,38922d60-f344-4c37-b6f6-17341e70b874,6ca88699-a115-4431-833f-7a2cd11e18bf,1d1807cf-5052-4bed-afb7-dc54ca273ec4,ce167b6d-c9f9-47ce-b7eb-adc1520bf645,742092f1-533b-4131-ba77-305b3e396f9c,
tch_20200710-165305_54,e66d3b27-c2a2-11ea-89f8-0242ac110002,std_1594381549972_54,class_20200710-165305_54,fYeE-QAQi,d4856b82-c700-4fdb-b9a2-3e42ee7cc181,7a7edc27-c5fd-4fb1-9e45-b59c6328eba8,8605fb1c-38d1-4af4-87d8-274eb5dc53b0,81fef65a-42dc-465d-949e-b89a3585477c,a8d49cee-f5eb-410e-8ae0-76c2c066b6b8,
tch_20200710-165305_68,e38bed53-c2a2-11ea-acee-0242ac110002,std_1594381545174_68,class_20200710-165305_68,frC3-923J,88ba7407-3084-466c-8e3c-3824d7e3232a,e6754fea-137e-431e-adc5-4f460ebd17e4,bc08a067-d598-4e29-9287-65273d3525b8,70816637-f412-43ec-8015-ac672f4fb1a6,f4ca5fd4-a33f-44a1-8235-4b975d2e1f23,
tch_20200710-165305_58,e4267f8b-c2a2-11ea-af23-0242ac110002,std_1594381546160_58,class_20200710-165305_58,3eAU-m3w8,bfc142e3-1bd7-4e35-bd0d-8c222735e674,334f5abd-3a74-4bf2-aad4-ad1691932720,b6d14f94-885a-42fd-8b77-cdb812960806,0c88f10a-b9e6-4262-b356-57b8e22e632b,4b968926-ef5d-4acf-aab6-5d03cf3ccc92,
tch_20200710-165305_59,e575bb71-c2a2-11ea-89f8-0242ac110002,std_1594381548370_59,class_20200710-165305_59,uGoB-i9Xf,b20987dc-66d4-48fe-9c00-e96dbcfb1301,184ed715-fdfa-47b1-bfbf-97722c273054,2100c2f2-1162-43f4-93ad-a19d7cea98ad,5fdfe11b-9012-4a5a-a690-40ae98467308,aeb0b63d-ca7a-4fd2-8934-02d6a5bb63a7,
tch_20200710-165305_53,e584fdde-c2a2-11ea-acee-0242ac110002,std_1594381548479_53,class_20200710-165305_53,uHxj-Ls8t,a2828061-2dbb-467b-ae99-206f785e3f8a,ace623a2-60da-4b8c-baf4-67ff7cd42e5a,d2361723-8fc6-4dd1-8d35-c2371a320737,b1f2e40c-b2a3-4719-8fb2-625f0a27ecac,293a48fe-55b3-447e-86e2-e521ccf426bc,
tch_20200710-165305_65,e6b6c6fb-c2a2-11ea-96b3-0242ac110002,std_1594381550482_65,class_20200710-165305_65,9M6R-Ae27,95db7dca-e5b9-4b5d-8d51-64c625afa3d1,efd1aced-bd89-4f5c-9837-0ae3a5232d65,60a41abb-4297-490a-b44a-f96e2a8f29dd,6f7105f0-3740-4d24-b045-ed2a6ef89edc,1658b879-e7a0-4b2d-8d10-fc118effea07,
tch_20200710-165305_52,e76ef3d7-c2a2-11ea-acee-0242ac110002,std_1594381551693_52,class_20200710-165305_52,7UBy-vDdQ,c3558bcf-4651-4d30-921b-d6d4f13ca220,31a9aea8-b189-43d2-88de-8bb90c12b14d,39af4843-8998-4205-9249-6ceda0c30db5,1d10c8bc-38c8-4038-bbcd-0b4026d589d0,78eb0653-2583-4ecd-a4f5-e01082d1464a,
tch_20200710-165305_49,e81cbf6f-c2a2-11ea-89f8-0242ac110002,std_1594381552835_49,class_20200710-165305_49,2J7z-onsB,cf6f34b7-2cb2-4a81-b8c7-365ee96f51ea,d91d4fdc-1be3-45e0-9592-b3c2227d71d6,02a3050c-7147-40ce-89f7-e272c10199e3,70a0d91d-5166-4411-ba4c-335634ffde76,7100efe4-b037-467a-af83-a5220765bcf6,
tch_20200710-165305_57,e9b3655d-c2a2-11ea-af23-0242ac110002,std_1594381555485_57,class_20200710-165305_57,ebfW-4dCR,f44ded3d-91d1-4120-8ea1-c5c1fbef4574,b5a7598e-689b-448b-b707-b884eeb10a02,f8704992-0893-44eb-933b-9274c1d00e90,7ff6a205-52db-4ae5-b6dd-98d1f60ef836,159ee5c4-d4f2-4d56-a517-2e457341bb96,
tch_20200710-165305_66,e9b9f492-c2a2-11ea-89f8-0242ac110002,std_1594381555512_66,class_20200710-165305_66,GfrE-v2X8,b71b832b-b158-4cbe-a022-97f5fc540fe1,4cffd094-3101-494f-9453-c6b25b28515d,56707fb1-4ddf-410c-8247-162ab48abcd6,3aebb21e-0b0b-4dbc-8a53-591123a23c21,ffa01791-91d3-4af7-8ab5-b7859fc8ed1f,
tch_20200710-165305_55,eb443e9f-c2a2-11ea-96b3-0242ac110002,std_1594381558125_55,class_20200710-165305_55,pumT-uF43,5c30b301-0f22-4c23-bbba-2411fa97e0d0,314e9f5c-f88c-49af-b885-d2c39f198990,7d40632d-d766-49ba-b8f9-d707a4ffdb32,0cb92745-5a0e-41d1-90ca-b88c31f4ab27,549ef6b6-4f94-4bba-a452-594ff092884f,
tch_20200710-165305_64,ec7c2206-c2a2-11ea-96b3-0242ac110002,std_1594381560168_64,class_20200710-165305_64,v9R4-trc3,6753d35d-ed3e-4a5d-a36b-5c5a207c332d,85435209-154d-47db-827e-278ad4d5bd99,6812bd4e-5f2d-469f-b31b-f3bcf1dde519,03d97d6d-bc6a-427c-9c65-f5a0970e737a,ce382e7d-e7f3-4b4d-a294-f3c402253e7e,
tch_20200710-165305_69,ea7703ad-c2a2-11ea-acee-0242ac110002,std_1594381556780_69,class_20200710-165305_69,AuJ3-syn7,81325b62-2324-4afc-a542-59108f627220,ad374646-4c35-48c7-9cf5-fa36444cbddc,6be68858-96da-4b0e-b9cf-5f36898dd03c,a96b3fcc-dfaa-496b-8fbf-63debebd970a,b8f57e1f-9ecb-4937-8e56-5222f932efd3,
tch_20200710-165305_48,ed57dbd5-c2a2-11ea-acee-0242ac110002,std_1594381561600_48,class_20200710-165305_48,9MBt-Ty7V,44527a62-c093-493c-ad05-24602b621fc8,3b6e4e95-a336-431d-bb9d-a28891ece2ec,085b3aa3-073c-4780-9774-de50e7725afb,8c904cf4-0f25-4681-ad42-8e338e12e455,af64afdd-8b69-40aa-8c2e-2413958c9a0e,
tch_20200710-165305_71,eb69c773-c2a2-11ea-af23-0242ac110002,std_1594381558369_71,class_20200710-165305_71,3Myu-6wFc,d4ac39c9-d851-493e-80b1-701c184eeee1,c474fa58-c198-4f68-9a48-6205b0f6220c,d8e5be2d-5f9e-4401-aa48-3656de183c78,3f62b1a0-0cc8-4dfe-8c36-0ba41d34d876,8fec0bd4-8e91-4462-ae84-f9e9ffa517d9,
tch_20200710-165305_61,ee772ef6-c2a2-11ea-96b3-0242ac110002,std_1594381563438_61,class_20200710-165305_61,8Ms3-Zg37,a13c5759-792e-43a5-b2d2-389c842fffad,b56b279f-9710-43c0-8479-7720febafaa4,4c51714b-2d25-4ee1-8d03-2e788aa2e82c,eec9a537-97b7-41c3-9e8b-01ceeb789de6,8a8d4081-350d-4b51-b496-3278a7ab1f25,
tch_20200710-165305_60,ec429bb5-c2a2-11ea-89f8-0242ac110002,std_1594381559770_60,class_20200710-165305_60,tvNc-RXiH,5c4ee1f3-7097-423d-85d3-293efada9793,778be11e-75f1-4920-a95f-a5f7b4f2a02d,1dcecf79-5b37-4d4a-807f-88873ee51571,98c281b4-c5a3-42f6-b485-e7ceb319df70,b9ce065a-fec2-4065-9f67-ac1d245f306d,
tch_20200710-165305_70,ed935e14-c2a2-11ea-96b3-0242ac110002,std_1594381561980_70,class_20200710-165305_70,VJGe-9HGv,eb2b4cf9-9b2a-40f8-803c-429cacccea61,cbc5db44-813d-4cd6-b1bf-148e779c3fc6,6524b889-9452-4d19-bee3-0ee68b92fd17,977a4df7-0434-4901-bf63-8a0d9ff8c16a,30fa836d-be81-4f6e-acd6-c821c4d3a96a,
tch_20200710-165305_63,ec10dd23-c2a2-11ea-acee-0242ac110002,std_1594381559449_63,class_20200710-165305_63,AB43-mcac,58b52590-f84a-47cb-b782-786d0edde9a6,12aeed21-017e-406c-b40e-6525aa09b0a3,1477ffc5-b620-4c0b-a4a2-1a672cf3b41d,cfff63ef-3b21-4bf4-989d-8cc885a4461f,6ccffa5b-bd49-4f3a-8ea6-5816513aab39,
tch_20200710-165305_62,eed57b9a-c2a2-11ea-89f8-0242ac110002,std_1594381564122_62,class_20200710-165305_62,o6sK-64Pj,a1f64244-e3a4-447e-a72d-a9f9d4b818bd,7fd9b93c-7a32-4ce2-9fb6-f39f75d298da,8f6b7834-0ddf-4b72-a817-c6e32d29b8fa,22443983-fa72-43f8-a505-666245dcda7c,0eff07ba-9049-4d5c-bc59-b69733bf8ac4,
tch_20200710-165305_51,ef7760cb-c2a2-11ea-af23-0242ac110002,std_1594381565173_51,class_20200710-165305_51,Fn9B-bt2h,e19183bc-bfb0-4d63-a7fa-57b17074bf88,271412c4-6589-4a60-80ad-249a5374cf84,0cc0817f-7f86-4593-84b2-c69f9e407ec8,168deb3c-1d8a-4c78-98e8-e1a5246e7264,6073af4c-bf74-444e-b83a-6c5f80f84350,
tch_20200710-165305_58,f304f48f-c2a2-11ea-96b3-0242ac110002,std_1594381571115_58,class_20200710-165305_58,3eAU-m3w8,bfc142e3-1bd7-4e35-bd0d-8c222735e674,334f5abd-3a74-4bf2-aad4-ad1691932720,b6d14f94-885a-42fd-8b77-cdb812960806,0c88f10a-b9e6-4262-b356-57b8e22e632b,4b968926-ef5d-4acf-aab6-5d03cf3ccc92,
tch_20200710-165305_56,f0b5ad12-c2a2-11ea-89f8-0242ac110002,std_1594381567245_56,class_20200710-165305_56,2wYz-Wg3K,50895f2c-a88d-4b39-b898-e3838607a07a,75b97bcb-3ab2-440e-a8e3-dd6464c23c5e,52b7bdc8-acf6-48bb-bec6-1adc969a478d,65a7be10-4b6f-4007-b8cc-a188c6c1e2bc,f811c93c-6879-46fc-804d-0f038b895015,
tch_20200710-165305_73,effff16e-c2a2-11ea-96b3-0242ac110002,std_1594381565754_73,class_20200710-165305_73,FcKF-Uptj,8d3a6731-391f-40de-b46c-847e63bd4623,4cc0a81b-d79e-4536-8f20-d64d5f037fae,a92a7fe2-1950-498b-bf60-8dfb206eebc1,d9aa7eb4-ec5b-4119-bafc-b468a39229f8,747beba2-cca1-410b-a25a-1f06c53cf685,
tch_20200710-165305_72,f1e41b80-c2a2-11ea-af23-0242ac110002,std_1594381569232_72,class_20200710-165305_72,XqJ3-FmKc,34e770d0-4922-4ba9-a2c1-09ec0bdcae96,875edea8-1c38-41f4-bfcf-524200ae0f03,1f41c443-2592-4f77-8c22-33f2cbd3d295,e294e4fd-9ceb-4c12-a81d-c575d8c2e69d,0540d470-8f49-4727-bd00-70bcbea88b73,
tch_20200710-165305_50,ef10af53-c2a2-11ea-af23-0242ac110002,std_1594381564498_50,class_20200710-165305_50,unZ3-8FYi,71ba0202-7af3-43db-9cad-eb06056265f9,8c830248-b488-4147-9292-eaff523ff0f4,f75e1449-7c13-4df2-a4ce-626d02f927a8,92206d84-b00d-4da5-b834-b67a4234be08,5bf1e66c-b302-442f-b91b-97ce0b6f5f5a,
tch_20200710-165305_54,f271194d-c2a2-11ea-96b3-0242ac110002,std_1594381570147_54,class_20200710-165305_54,fYeE-QAQi,d4856b82-c700-4fdb-b9a2-3e42ee7cc181,7a7edc27-c5fd-4fb1-9e45-b59c6328eba8,8605fb1c-38d1-4af4-87d8-274eb5dc53b0,81fef65a-42dc-465d-949e-b89a3585477c,a8d49cee-f5eb-410e-8ae0-76c2c066b6b8,
tch_20200710-165305_53,f3ccd7df-c2a2-11ea-acee-0242ac110002,std_1594381572424_53,class_20200710-165305_53,uHxj-Ls8t,a2828061-2dbb-467b-ae99-206f785e3f8a,ace623a2-60da-4b8c-baf4-67ff7cd42e5a,d2361723-8fc6-4dd1-8d35-c2371a320737,b1f2e40c-b2a3-4719-8fb2-625f0a27ecac,293a48fe-55b3-447e-86e2-e521ccf426bc,
tch_20200710-165305_67,f1f35cf0-c2a2-11ea-96b3-0242ac110002,std_1594381569333_67,class_20200710-165305_67,fB83-Cx7i,38922d60-f344-4c37-b6f6-17341e70b874,6ca88699-a115-4431-833f-7a2cd11e18bf,1d1807cf-5052-4bed-afb7-dc54ca273ec4,ce167b6d-c9f9-47ce-b7eb-adc1520bf645,742092f1-533b-4131-ba77-305b3e396f9c,
tch_20200710-165305_59,f37876e6-c2a2-11ea-acee-0242ac110002,std_1594381571851_59,class_20200710-165305_59,uGoB-i9Xf,b20987dc-66d4-48fe-9c00-e96dbcfb1301,184ed715-fdfa-47b1-bfbf-97722c273054,2100c2f2-1162-43f4-93ad-a19d7cea98ad,5fdfe11b-9012-4a5a-a690-40ae98467308,aeb0b63d-ca7a-4fd2-8934-02d6a5bb63a7,
tch_20200710-165305_68,f292836e-c2a2-11ea-acee-0242ac110002,std_1594381570379_68,class_20200710-165305_68,frC3-923J,88ba7407-3084-466c-8e3c-3824d7e3232a,e6754fea-137e-431e-adc5-4f460ebd17e4,bc08a067-d598-4e29-9287-65273d3525b8,70816637-f412-43ec-8015-ac672f4fb1a6,f4ca5fd4-a33f-44a1-8235-4b975d2e1f23,
tch_20200710-165305_52,f3fdfa89-c2a2-11ea-acee-0242ac110002,std_1594381572762_52,class_20200710-165305_52,7UBy-vDdQ,c3558bcf-4651-4d30-921b-d6d4f13ca220,31a9aea8-b189-43d2-88de-8bb90c12b14d,39af4843-8998-4205-9249-6ceda0c30db5,1d10c8bc-38c8-4038-bbcd-0b4026d589d0,78eb0653-2583-4ecd-a4f5-e01082d1464a,
tch_20200710-165305_65,f3e3e2de-c2a2-11ea-af23-0242ac110002,std_1594381572594_65,class_20200710-165305_65,9M6R-Ae27,95db7dca-e5b9-4b5d-8d51-64c625afa3d1,efd1aced-bd89-4f5c-9837-0ae3a5232d65,60a41abb-4297-490a-b44a-f96e2a8f29dd,6f7105f0-3740-4d24-b045-ed2a6ef89edc,1658b879-e7a0-4b2d-8d10-fc118effea07,
tch_20200710-165305_74,f7979bf6-c2a2-11ea-af23-0242ac110002,std_1594381578524_74,class_20200710-165305_74,4h73-wd73,6605713c-56e6-44a3-8a47-6c0629bb90d8,ff3d34eb-cc58-491c-bc52-8ab8ac8c2bf1,7b12afab-0411-43b4-becf-0069c4ae3ebb,7353cc62-5a56-4c33-9dec-09bf3c94504b,26140169-7f6d-42d5-86c2-92c2921c976f,
tch_20200710-165305_57,f7a02728-c2a2-11ea-acee-0242ac110002,std_1594381578831_57,class_20200710-165305_57,ebfW-4dCR,f44ded3d-91d1-4120-8ea1-c5c1fbef4574,b5a7598e-689b-448b-b707-b884eeb10a02,f8704992-0893-44eb-933b-9274c1d00e90,7ff6a205-52db-4ae5-b6dd-98d1f60ef836,159ee5c4-d4f2-4d56-a517-2e457341bb96,
tch_20200710-165305_66,f8617b65-c2a2-11ea-89f8-0242ac110002,std_1594381580130_66,class_20200710-165305_66,GfrE-v2X8,b71b832b-b158-4cbe-a022-97f5fc540fe1,4cffd094-3101-494f-9453-c6b25b28515d,56707fb1-4ddf-410c-8247-162ab48abcd6,3aebb21e-0b0b-4dbc-8a53-591123a23c21,ffa01791-91d3-4af7-8ab5-b7859fc8ed1f,
tch_20200710-165305_71,f9fded21-c2a2-11ea-89f8-0242ac110002,std_1594381582805_71,class_20200710-165305_71,3Myu-6wFc,d4ac39c9-d851-493e-80b1-701c184eeee1,c474fa58-c198-4f68-9a48-6205b0f6220c,d8e5be2d-5f9e-4401-aa48-3656de183c78,3f62b1a0-0cc8-4dfe-8c36-0ba41d34d876,8fec0bd4-8e91-4462-ae84-f9e9ffa517d9,
tch_20200710-165305_70,fb11f5d2-c2a2-11ea-89f8-0242ac110002,std_1594381584633_70,class_20200710-165305_70,VJGe-9HGv,eb2b4cf9-9b2a-40f8-803c-429cacccea61,cbc5db44-813d-4cd6-b1bf-148e779c3fc6,6524b889-9452-4d19-bee3-0ee68b92fd17,977a4df7-0434-4901-bf63-8a0d9ff8c16a,30fa836d-be81-4f6e-acd6-c821c4d3a96a,
tch_20200710-165305_69,f8f5a551-c2a2-11ea-af23-0242ac110002,std_1594381581080_69,class_20200710-165305_69,AuJ3-syn7,81325b62-2324-4afc-a542-59108f627220,ad374646-4c35-48c7-9cf5-fa36444cbddc,6be68858-96da-4b0e-b9cf-5f36898dd03c,a96b3fcc-dfaa-496b-8fbf-63debebd970a,b8f57e1f-9ecb-4937-8e56-5222f932efd3,
tch_20200710-165305_60,fa24887c-c2a2-11ea-96b3-0242ac110002,std_1594381583092_60,class_20200710-165305_60,tvNc-RXiH,5c4ee1f3-7097-423d-85d3-293efada9793,778be11e-75f1-4920-a95f-a5f7b4f2a02d,1dcecf79-5b37-4d4a-807f-88873ee51571,98c281b4-c5a3-42f6-b485-e7ceb319df70,b9ce065a-fec2-4065-9f67-ac1d245f306d,
tch_20200710-165305_55,f8846d4e-c2a2-11ea-96b3-0242ac110002,std_1594381580349_55,class_20200710-165305_55,pumT-uF43,5c30b301-0f22-4c23-bbba-2411fa97e0d0,314e9f5c-f88c-49af-b885-d2c39f198990,7d40632d-d766-49ba-b8f9-d707a4ffdb32,0cb92745-5a0e-41d1-90ca-b88c31f4ab27,549ef6b6-4f94-4bba-a452-594ff092884f,
tch_20200710-165305_62,fb4895a8-c2a2-11ea-96b3-0242ac110002,std_1594381585014_62,class_20200710-165305_62,o6sK-64Pj,a1f64244-e3a4-447e-a72d-a9f9d4b818bd,7fd9b93c-7a32-4ce2-9fb6-f39f75d298da,8f6b7834-0ddf-4b72-a817-c6e32d29b8fa,22443983-fa72-43f8-a505-666245dcda7c,0eff07ba-9049-4d5c-bc59-b69733bf8ac4,
tch_20200710-165305_64,f8d01b98-c2a2-11ea-af23-0242ac110002,std_1594381580860_64,class_20200710-165305_64,v9R4-trc3,6753d35d-ed3e-4a5d-a36b-5c5a207c332d,85435209-154d-47db-827e-278ad4d5bd99,6812bd4e-5f2d-469f-b31b-f3bcf1dde519,03d97d6d-bc6a-427c-9c65-f5a0970e737a,ce382e7d-e7f3-4b4d-a294-f3c402253e7e,
tch_20200710-165305_61,fa17b6fd-c2a2-11ea-89f8-0242ac110002,std_1594381582995_61,class_20200710-165305_61,8Ms3-Zg37,a13c5759-792e-43a5-b2d2-389c842fffad,b56b279f-9710-43c0-8479-7720febafaa4,4c51714b-2d25-4ee1-8d03-2e788aa2e82c,eec9a537-97b7-41c3-9e8b-01ceeb789de6,8a8d4081-350d-4b51-b496-3278a7ab1f25,
tch_20200710-165305_63,fb4a91b1-c2a2-11ea-af23-0242ac110002,std_1594381585016_63,class_20200710-165305_63,AB43-mcac,58b52590-f84a-47cb-b782-786d0edde9a6,12aeed21-017e-406c-b40e-6525aa09b0a3,1477ffc5-b620-4c0b-a4a2-1a672cf3b41d,cfff63ef-3b21-4bf4-989d-8cc885a4461f,6ccffa5b-bd49-4f3a-8ea6-5816513aab39,
tch_20200710-165305_56,fe2db450-c2a2-11ea-af23-0242ac110002,std_1594381589852_56,class_20200710-165305_56,2wYz-Wg3K,50895f2c-a88d-4b39-b898-e3838607a07a,75b97bcb-3ab2-440e-a8e3-dd6464c23c5e,52b7bdc8-acf6-48bb-bec6-1adc969a478d,65a7be10-4b6f-4007-b8cc-a188c6c1e2bc,f811c93c-6879-46fc-804d-0f038b895015,
tch_20200710-165305_50,ff27a4ca-c2a2-11ea-96b3-0242ac110002,std_1594381591485_50,class_20200710-165305_50,unZ3-8FYi,71ba0202-7af3-43db-9cad-eb06056265f9,8c830248-b488-4147-9292-eaff523ff0f4,f75e1449-7c13-4df2-a4ce-626d02f927a8,92206d84-b00d-4da5-b834-b67a4234be08,5bf1e66c-b302-442f-b91b-97ce0b6f5f5a,
tch_20200710-165305_51,fd21c26b-c2a2-11ea-89f8-0242ac110002,std_1594381588086_51,class_20200710-165305_51,Fn9B-bt2h,e19183bc-bfb0-4d63-a7fa-57b17074bf88,271412c4-6589-4a60-80ad-249a5374cf84,0cc0817f-7f86-4593-84b2-c69f9e407ec8,168deb3c-1d8a-4c78-98e8-e1a5246e7264,6073af4c-bf74-444e-b83a-6c5f80f84350,
tch_20200710-165305_58,fdfa6fea-c2a2-11ea-89f8-0242ac110002,std_1594381589503_58,class_20200710-165305_58,3eAU-m3w8,bfc142e3-1bd7-4e35-bd0d-8c222735e674,334f5abd-3a74-4bf2-aad4-ad1691932720,b6d14f94-885a-42fd-8b77-cdb812960806,0c88f10a-b9e6-4262-b356-57b8e22e632b,4b968926-ef5d-4acf-aab6-5d03cf3ccc92,
tch_20200710-165305_72,fe6195ff-c2a2-11ea-96b3-0242ac110002,std_1594381590193_72,class_20200710-165305_72,XqJ3-FmKc,34e770d0-4922-4ba9-a2c1-09ec0bdcae96,875edea8-1c38-41f4-bfcf-524200ae0f03,1f41c443-2592-4f77-8c22-33f2cbd3d295,e294e4fd-9ceb-4c12-a81d-c575d8c2e69d,0540d470-8f49-4727-bd00-70bcbea88b73,
tch_20200710-165305_59,012cc3ca-c2a3-11ea-acee-0242ac110002,std_1594381594879_59,class_20200710-165305_59,uGoB-i9Xf,b20987dc-66d4-48fe-9c00-e96dbcfb1301,184ed715-fdfa-47b1-bfbf-97722c273054,2100c2f2-1162-43f4-93ad-a19d7cea98ad,5fdfe11b-9012-4a5a-a690-40ae98467308,aeb0b63d-ca7a-4fd2-8934-02d6a5bb63a7,
tch_20200710-165305_73,fe35caa8-c2a2-11ea-acee-0242ac110002,std_1594381589889_73,class_20200710-165305_73,FcKF-Uptj,8d3a6731-391f-40de-b46c-847e63bd4623,4cc0a81b-d79e-4536-8f20-d64d5f037fae,a92a7fe2-1950-498b-bf60-8dfb206eebc1,d9aa7eb4-ec5b-4119-bafc-b468a39229f8,747beba2-cca1-410b-a25a-1f06c53cf685,
tch_20200710-165305_67,00b85753-c2a3-11ea-acee-0242ac110002,std_1594381594120_67,class_20200710-165305_67,fB83-Cx7i,38922d60-f344-4c37-b6f6-17341e70b874,6ca88699-a115-4431-833f-7a2cd11e18bf,1d1807cf-5052-4bed-afb7-dc54ca273ec4,ce167b6d-c9f9-47ce-b7eb-adc1520bf645,742092f1-533b-4131-ba77-305b3e396f9c,
tch_20200710-165305_53,0092f4bf-c2a3-11ea-96b3-0242ac110002,std_1594381593860_53,class_20200710-165305_53,uHxj-Ls8t,a2828061-2dbb-467b-ae99-206f785e3f8a,ace623a2-60da-4b8c-baf4-67ff7cd42e5a,d2361723-8fc6-4dd1-8d35-c2371a320737,b1f2e40c-b2a3-4719-8fb2-625f0a27ecac,293a48fe-55b3-447e-86e2-e521ccf426bc,
tch_20200710-165305_54,004438e9-c2a3-11ea-af23-0242ac110002,std_1594381593359_54,class_20200710-165305_54,fYeE-QAQi,d4856b82-c700-4fdb-b9a2-3e42ee7cc181,7a7edc27-c5fd-4fb1-9e45-b59c6328eba8,8605fb1c-38d1-4af4-87d8-274eb5dc53b0,81fef65a-42dc-465d-949e-b89a3585477c,a8d49cee-f5eb-410e-8ae0-76c2c066b6b8,
tch_20200710-165305_74,045f3e72-c2a3-11ea-89f8-0242ac110002,std_1594381600255_74,class_20200710-165305_74,4h73-wd73,6605713c-56e6-44a3-8a47-6c0629bb90d8,ff3d34eb-cc58-491c-bc52-8ab8ac8c2bf1,7b12afab-0411-43b4-becf-0069c4ae3ebb,7353cc62-5a56-4c33-9dec-09bf3c94504b,26140169-7f6d-42d5-86c2-92c2921c976f,
tch_20200710-165305_68,01fd59cd-c2a3-11ea-89f8-0242ac110002,std_1594381596255_68,class_20200710-165305_68,frC3-923J,88ba7407-3084-466c-8e3c-3824d7e3232a,e6754fea-137e-431e-adc5-4f460ebd17e4,bc08a067-d598-4e29-9287-65273d3525b8,70816637-f412-43ec-8015-ac672f4fb1a6,f4ca5fd4-a33f-44a1-8235-4b975d2e1f23,
tch_20200710-165305_52,02a88e71-c2a3-11ea-89f8-0242ac110002,std_1594381597362_52,class_20200710-165305_52,7UBy-vDdQ,c3558bcf-4651-4d30-921b-d6d4f13ca220,31a9aea8-b189-43d2-88de-8bb90c12b14d,39af4843-8998-4205-9249-6ceda0c30db5,1d10c8bc-38c8-4038-bbcd-0b4026d589d0,78eb0653-2583-4ecd-a4f5-e01082d1464a,
tch_20200710-165305_65,035cc2af-c2a3-11ea-89f8-0242ac110002,std_1594381598556_65,class_20200710-165305_65,9M6R-Ae27,95db7dca-e5b9-4b5d-8d51-64c625afa3d1,efd1aced-bd89-4f5c-9837-0ae3a5232d65,60a41abb-4297-490a-b44a-f96e2a8f29dd,6f7105f0-3740-4d24-b045-ed2a6ef89edc,1658b879-e7a0-4b2d-8d10-fc118effea07,
tch_20200710-165305_57,04c5c8f2-c2a3-11ea-89f8-0242ac110002,std_1594381600919_57,class_20200710-165305_57,ebfW-4dCR,f44ded3d-91d1-4120-8ea1-c5c1fbef4574,b5a7598e-689b-448b-b707-b884eeb10a02,f8704992-0893-44eb-933b-9274c1d00e90,7ff6a205-52db-4ae5-b6dd-98d1f60ef836,159ee5c4-d4f2-4d56-a517-2e457341bb96,
tch_20200710-165305_64,08114ad9-c2a3-11ea-af23-0242ac110002,std_1594381606450_64,class_20200710-165305_64,v9R4-trc3,6753d35d-ed3e-4a5d-a36b-5c5a207c332d,85435209-154d-47db-827e-278ad4d5bd99,6812bd4e-5f2d-469f-b31b-f3bcf1dde519,03d97d6d-bc6a-427c-9c65-f5a0970e737a,ce382e7d-e7f3-4b4d-a294-f3c402253e7e,
tch_20200710-165305_63,08633b2b-c2a3-11ea-acee-0242ac110002,std_1594381606986_63,class_20200710-165305_63,AB43-mcac,58b52590-f84a-47cb-b782-786d0edde9a6,12aeed21-017e-406c-b40e-6525aa09b0a3,1477ffc5-b620-4c0b-a4a2-1a672cf3b41d,cfff63ef-3b21-4bf4-989d-8cc885a4461f,6ccffa5b-bd49-4f3a-8ea6-5816513aab39,
tch_20200710-165305_71,066fcf09-c2a3-11ea-89f8-0242ac110002,std_1594381603708_71,class_20200710-165305_71,3Myu-6wFc,d4ac39c9-d851-493e-80b1-701c184eeee1,c474fa58-c198-4f68-9a48-6205b0f6220c,d8e5be2d-5f9e-4401-aa48-3656de183c78,3f62b1a0-0cc8-4dfe-8c36-0ba41d34d876,8fec0bd4-8e91-4462-ae84-f9e9ffa517d9,
tch_20200710-165305_75,04f675dc-c2a3-11ea-96b3-0242ac110002,std_1594381600955_75,class_20200710-165305_75,7dNR-H6m7,ff87c64b-05e8-4924-b075-308df0e4e83a,e086cf56-a4b1-44c0-9f99-2d85dbebb66f,7984415a-9b95-4ae0-bef1-8a1dd0124943,78a5ebdf-7351-4261-be66-9150dbdf6293,379bc005-6c55-4140-847e-f49b44cfaba3,
tch_20200710-165305_69,068c7fa9-c2a3-11ea-96b3-0242ac110002,std_1594381603890_69,class_20200710-165305_69,AuJ3-syn7,81325b62-2324-4afc-a542-59108f627220,ad374646-4c35-48c7-9cf5-fa36444cbddc,6be68858-96da-4b0e-b9cf-5f36898dd03c,a96b3fcc-dfaa-496b-8fbf-63debebd970a,b8f57e1f-9ecb-4937-8e56-5222f932efd3,
tch_20200710-165305_66,060e7554-c2a3-11ea-96b3-0242ac110002,std_1594381603069_66,class_20200710-165305_66,GfrE-v2X8,b71b832b-b158-4cbe-a022-97f5fc540fe1,4cffd094-3101-494f-9453-c6b25b28515d,56707fb1-4ddf-410c-8247-162ab48abcd6,3aebb21e-0b0b-4dbc-8a53-591123a23c21,ffa01791-91d3-4af7-8ab5-b7859fc8ed1f,
tch_20200710-165305_70,068309b9-c2a3-11ea-acee-0242ac110002,std_1594381603816_70,class_20200710-165305_70,VJGe-9HGv,eb2b4cf9-9b2a-40f8-803c-429cacccea61,cbc5db44-813d-4cd6-b1bf-148e779c3fc6,6524b889-9452-4d19-bee3-0ee68b92fd17,977a4df7-0434-4901-bf63-8a0d9ff8c16a,30fa836d-be81-4f6e-acd6-c821c4d3a96a,
tch_20200710-165305_55,07d097b1-c2a3-11ea-af23-0242ac110002,std_1594381605981_55,class_20200710-165305_55,pumT-uF43,5c30b301-0f22-4c23-bbba-2411fa97e0d0,314e9f5c-f88c-49af-b885-d2c39f198990,7d40632d-d766-49ba-b8f9-d707a4ffdb32,0cb92745-5a0e-41d1-90ca-b88c31f4ab27,549ef6b6-4f94-4bba-a452-594ff092884f,
tch_20200710-165305_60,0787f65d-c2a3-11ea-af23-0242ac110002,std_1594381605483_60,class_20200710-165305_60,tvNc-RXiH,5c4ee1f3-7097-423d-85d3-293efada9793,778be11e-75f1-4920-a95f-a5f7b4f2a02d,1dcecf79-5b37-4d4a-807f-88873ee51571,98c281b4-c5a3-42f6-b485-e7ceb319df70,b9ce065a-fec2-4065-9f67-ac1d245f306d,
tch_20200710-165305_62,07ce26d6-c2a3-11ea-acee-0242ac110002,std_1594381606008_62,class_20200710-165305_62,o6sK-64Pj,a1f64244-e3a4-447e-a72d-a9f9d4b818bd,7fd9b93c-7a32-4ce2-9fb6-f39f75d298da,8f6b7834-0ddf-4b72-a817-c6e32d29b8fa,22443983-fa72-43f8-a505-666245dcda7c,0eff07ba-9049-4d5c-bc59-b69733bf8ac4,
tch_20200710-165305_61,0828549e-c2a3-11ea-89f8-0242ac110002,std_1594381606600_61,class_20200710-165305_61,8Ms3-Zg37,a13c5759-792e-43a5-b2d2-389c842fffad,b56b279f-9710-43c0-8479-7720febafaa4,4c51714b-2d25-4ee1-8d03-2e788aa2e82c,eec9a537-97b7-41c3-9e8b-01ceeb789de6,8a8d4081-350d-4b51-b496-3278a7ab1f25,
tch_20200710-165305_56,0a24c154-c2a3-11ea-96b3-0242ac110002,std_1594381609915_56,class_20200710-165305_56,2wYz-Wg3K,50895f2c-a88d-4b39-b898-e3838607a07a,75b97bcb-3ab2-440e-a8e3-dd6464c23c5e,52b7bdc8-acf6-48bb-bec6-1adc969a478d,65a7be10-4b6f-4007-b8cc-a188c6c1e2bc,f811c93c-6879-46fc-804d-0f038b895015,
tch_20200710-165305_59,0d06d252-c2a3-11ea-89f8-0242ac110002,std_1594381614733_59,class_20200710-165305_59,uGoB-i9Xf,b20987dc-66d4-48fe-9c00-e96dbcfb1301,184ed715-fdfa-47b1-bfbf-97722c273054,2100c2f2-1162-43f4-93ad-a19d7cea98ad,5fdfe11b-9012-4a5a-a690-40ae98467308,aeb0b63d-ca7a-4fd2-8934-02d6a5bb63a7,
tch_20200710-165305_72,0c4f1b93-c2a3-11ea-acee-0242ac110002,std_1594381613560_72,class_20200710-165305_72,XqJ3-FmKc,34e770d0-4922-4ba9-a2c1-09ec0bdcae96,875edea8-1c38-41f4-bfcf-524200ae0f03,1f41c443-2592-4f77-8c22-33f2cbd3d295,e294e4fd-9ceb-4c12-a81d-c575d8c2e69d,0540d470-8f49-4727-bd00-70bcbea88b73,
tch_20200710-165305_74,0fe1428b-c2a3-11ea-89f8-0242ac110002,std_1594381619562_74,class_20200710-165305_74,4h73-wd73,6605713c-56e6-44a3-8a47-6c0629bb90d8,ff3d34eb-cc58-491c-bc52-8ab8ac8c2bf1,7b12afab-0411-43b4-becf-0069c4ae3ebb,7353cc62-5a56-4c33-9dec-09bf3c94504b,26140169-7f6d-42d5-86c2-92c2921c976f,
tch_20200710-165305_58,0bee0f78-c2a3-11ea-acee-0242ac110002,std_1594381612931_58,class_20200710-165305_58,3eAU-m3w8,bfc142e3-1bd7-4e35-bd0d-8c222735e674,334f5abd-3a74-4bf2-aad4-ad1691932720,b6d14f94-885a-42fd-8b77-cdb812960806,0c88f10a-b9e6-4262-b356-57b8e22e632b,4b968926-ef5d-4acf-aab6-5d03cf3ccc92,
tch_20200710-165305_73,0e1d721b-c2a3-11ea-af23-0242ac110002,std_1594381616594_73,class_20200710-165305_73,FcKF-Uptj,8d3a6731-391f-40de-b46c-847e63bd4623,4cc0a81b-d79e-4536-8f20-d64d5f037fae,a92a7fe2-1950-498b-bf60-8dfb206eebc1,d9aa7eb4-ec5b-4119-bafc-b468a39229f8,747beba2-cca1-410b-a25a-1f06c53cf685,
tch_20200710-165305_76,0e52b3b6-c2a3-11ea-96b3-0242ac110002,std_1594381616664_76,class_20200710-165305_76,2627-A93L,ed22bdbb-0211-4899-bb01-990ef17deecd,afe78bf0-e43f-4408-973e-306502c147fd,70aaaf85-2a2e-431c-b926-f591338349e3,96c18eaf-1437-4918-bd08-5975217244b7,860da56b-fd87-4b0d-82dc-672eb77555de,
tch_20200710-165305_54,0fb7e899-c2a3-11ea-acee-0242ac110002,std_1594381619279_54,class_20200710-165305_54,fYeE-QAQi,d4856b82-c700-4fdb-b9a2-3e42ee7cc181,7a7edc27-c5fd-4fb1-9e45-b59c6328eba8,8605fb1c-38d1-4af4-87d8-274eb5dc53b0,81fef65a-42dc-465d-949e-b89a3585477c,a8d49cee-f5eb-410e-8ae0-76c2c066b6b8,
tch_20200710-165305_53,0f9ebb11-c2a3-11ea-acee-0242ac110002,std_1594381619116_53,class_20200710-165305_53,uHxj-Ls8t,a2828061-2dbb-467b-ae99-206f785e3f8a,ace623a2-60da-4b8c-baf4-67ff7cd42e5a,d2361723-8fc6-4dd1-8d35-c2371a320737,b1f2e40c-b2a3-4719-8fb2-625f0a27ecac,293a48fe-55b3-447e-86e2-e521ccf426bc,
tch_20200710-165305_68,11540c08-c2a3-11ea-af23-0242ac110002,std_1594381621973_68,class_20200710-165305_68,frC3-923J,88ba7407-3084-466c-8e3c-3824d7e3232a,e6754fea-137e-431e-adc5-4f460ebd17e4,bc08a067-d598-4e29-9287-65273d3525b8,70816637-f412-43ec-8015-ac672f4fb1a6,f4ca5fd4-a33f-44a1-8235-4b975d2e1f23,
tch_20200710-165305_67,0ee074ea-c2a3-11ea-af23-0242ac110002,std_1594381617877_67,class_20200710-165305_67,fB83-Cx7i,38922d60-f344-4c37-b6f6-17341e70b874,6ca88699-a115-4431-833f-7a2cd11e18bf,1d1807cf-5052-4bed-afb7-dc54ca273ec4,ce167b6d-c9f9-47ce-b7eb-adc1520bf645,742092f1-533b-4131-ba77-305b3e396f9c,
tch_20200710-165305_65,130ae465-c2a3-11ea-acee-0242ac110002,std_1594381624854_65,class_20200710-165305_65,9M6R-Ae27,95db7dca-e5b9-4b5d-8d51-64c625afa3d1,efd1aced-bd89-4f5c-9837-0ae3a5232d65,60a41abb-4297-490a-b44a-f96e2a8f29dd,6f7105f0-3740-4d24-b045-ed2a6ef89edc,1658b879-e7a0-4b2d-8d10-fc118effea07,
tch_20200710-165305_52,116634aa-c2a3-11ea-af23-0242ac110002,std_1594381622088_52,class_20200710-165305_52,7UBy-vDdQ,c3558bcf-4651-4d30-921b-d6d4f13ca220,31a9aea8-b189-43d2-88de-8bb90c12b14d,39af4843-8998-4205-9249-6ceda0c30db5,1d10c8bc-38c8-4038-bbcd-0b4026d589d0,78eb0653-2583-4ecd-a4f5-e01082d1464a,
tch_20200710-165305_66,15295792-c2a3-11ea-af23-0242ac110002,std_1594381628413_66,class_20200710-165305_66,GfrE-v2X8,b71b832b-b158-4cbe-a022-97f5fc540fe1,4cffd094-3101-494f-9453-c6b25b28515d,56707fb1-4ddf-410c-8247-162ab48abcd6,3aebb21e-0b0b-4dbc-8a53-591123a23c21,ffa01791-91d3-4af7-8ab5-b7859fc8ed1f,
tch_20200710-165305_71,13fa9b81-c2a3-11ea-89f8-0242ac110002,std_1594381626407_71,class_20200710-165305_71,3Myu-6wFc,d4ac39c9-d851-493e-80b1-701c184eeee1,c474fa58-c198-4f68-9a48-6205b0f6220c,d8e5be2d-5f9e-4401-aa48-3656de183c78,3f62b1a0-0cc8-4dfe-8c36-0ba41d34d876,8fec0bd4-8e91-4462-ae84-f9e9ffa517d9,
tch_20200710-165305_70,155a52d3-c2a3-11ea-acee-0242ac110002,std_1594381628707_70,class_20200710-165305_70,VJGe-9HGv,eb2b4cf9-9b2a-40f8-803c-429cacccea61,cbc5db44-813d-4cd6-b1bf-148e779c3fc6,6524b889-9452-4d19-bee3-0ee68b92fd17,977a4df7-0434-4901-bf63-8a0d9ff8c16a,30fa836d-be81-4f6e-acd6-c821c4d3a96a,
tch_20200710-165305_57,1322155b-c2a3-11ea-89f8-0242ac110002,std_1594381625012_57,class_20200710-165305_57,ebfW-4dCR,f44ded3d-91d1-4120-8ea1-c5c1fbef4574,b5a7598e-689b-448b-b707-b884eeb10a02,f8704992-0893-44eb-933b-9274c1d00e90,7ff6a205-52db-4ae5-b6dd-98d1f60ef836,159ee5c4-d4f2-4d56-a517-2e457341bb96,
tch_20200710-165305_75,14b49c6b-c2a3-11ea-89f8-0242ac110002,std_1594381627647_75,class_20200710-165305_75,7dNR-H6m7,ff87c64b-05e8-4924-b075-308df0e4e83a,e086cf56-a4b1-44c0-9f99-2d85dbebb66f,7984415a-9b95-4ae0-bef1-8a1dd0124943,78a5ebdf-7351-4261-be66-9150dbdf6293,379bc005-6c55-4140-847e-f49b44cfaba3,
tch_20200710-165305_61,16cf6682-c2a3-11ea-af23-0242ac110002,std_1594381631184_61,class_20200710-165305_61,8Ms3-Zg37,a13c5759-792e-43a5-b2d2-389c842fffad,b56b279f-9710-43c0-8479-7720febafaa4,4c51714b-2d25-4ee1-8d03-2e788aa2e82c,eec9a537-97b7-41c3-9e8b-01ceeb789de6,8a8d4081-350d-4b51-b496-3278a7ab1f25,
tch_20200710-165305_63,13c470b9-c2a3-11ea-89f8-0242ac110002,std_1594381626042_63,class_20200710-165305_63,AB43-mcac,58b52590-f84a-47cb-b782-786d0edde9a6,12aeed21-017e-406c-b40e-6525aa09b0a3,1477ffc5-b620-4c0b-a4a2-1a672cf3b41d,cfff63ef-3b21-4bf4-989d-8cc885a4461f,6ccffa5b-bd49-4f3a-8ea6-5816513aab39,
tch_20200710-165305_60,169e4489-c2a3-11ea-acee-0242ac110002,std_1594381630846_60,class_20200710-165305_60,tvNc-RXiH,5c4ee1f3-7097-423d-85d3-293efada9793,778be11e-75f1-4920-a95f-a5f7b4f2a02d,1dcecf79-5b37-4d4a-807f-88873ee51571,98c281b4-c5a3-42f6-b485-e7ceb319df70,b9ce065a-fec2-4065-9f67-ac1d245f306d,
tch_20200710-165305_69,1504918c-c2a3-11ea-89f8-0242ac110002,std_1594381628164_69,class_20200710-165305_69,AuJ3-syn7,81325b62-2324-4afc-a542-59108f627220,ad374646-4c35-48c7-9cf5-fa36444cbddc,6be68858-96da-4b0e-b9cf-5f36898dd03c,a96b3fcc-dfaa-496b-8fbf-63debebd970a,b8f57e1f-9ecb-4937-8e56-5222f932efd3,
tch_20200710-165305_56,177e1ccd-c2a3-11ea-af23-0242ac110002,std_1594381632340_56,class_20200710-165305_56,2wYz-Wg3K,50895f2c-a88d-4b39-b898-e3838607a07a,75b97bcb-3ab2-440e-a8e3-dd6464c23c5e,52b7bdc8-acf6-48bb-bec6-1adc969a478d,65a7be10-4b6f-4007-b8cc-a188c6c1e2bc,f811c93c-6879-46fc-804d-0f038b895015,
tch_20200710-165305_64,13ab69fb-c2a3-11ea-acee-0242ac110002,std_1594381625916_64,class_20200710-165305_64,v9R4-trc3,6753d35d-ed3e-4a5d-a36b-5c5a207c332d,85435209-154d-47db-827e-278ad4d5bd99,6812bd4e-5f2d-469f-b31b-f3bcf1dde519,03d97d6d-bc6a-427c-9c65-f5a0970e737a,ce382e7d-e7f3-4b4d-a294-f3c402253e7e,
tch_20200710-165305_55,1657025c-c2a3-11ea-96b3-0242ac110002,std_1594381630383_55,class_20200710-165305_55,pumT-uF43,5c30b301-0f22-4c23-bbba-2411fa97e0d0,314e9f5c-f88c-49af-b885-d2c39f198990,7d40632d-d766-49ba-b8f9-d707a4ffdb32,0cb92745-5a0e-41d1-90ca-b88c31f4ab27,549ef6b6-4f94-4bba-a452-594ff092884f,
tch_20200710-165305_62,16a807f3-c2a3-11ea-af23-0242ac110002,std_1594381630890_62,class_20200710-165305_62,o6sK-64Pj,a1f64244-e3a4-447e-a72d-a9f9d4b818bd,7fd9b93c-7a32-4ce2-9fb6-f39f75d298da,8f6b7834-0ddf-4b72-a817-c6e32d29b8fa,22443983-fa72-43f8-a505-666245dcda7c,0eff07ba-9049-4d5c-bc59-b69733bf8ac4,
tch_20200710-165305_58,1b9db6c1-c2a3-11ea-96b3-0242ac110002,std_1594381639224_58,class_20200710-165305_58,3eAU-m3w8,bfc142e3-1bd7-4e35-bd0d-8c222735e674,334f5abd-3a74-4bf2-aad4-ad1691932720,b6d14f94-885a-42fd-8b77-cdb812960806,0c88f10a-b9e6-4262-b356-57b8e22e632b,4b968926-ef5d-4acf-aab6-5d03cf3ccc92,
tch_20200710-165305_72,1a5fe035-c2a3-11ea-acee-0242ac110002,std_1594381637156_72,class_20200710-165305_72,XqJ3-FmKc,34e770d0-4922-4ba9-a2c1-09ec0bdcae96,875edea8-1c38-41f4-bfcf-524200ae0f03,1f41c443-2592-4f77-8c22-33f2cbd3d295,e294e4fd-9ceb-4c12-a81d-c575d8c2e69d,0540d470-8f49-4727-bd00-70bcbea88b73,
tch_20200710-165305_76,1bd91257-c2a3-11ea-acee-0242ac110002,std_1594381639635_76,class_20200710-165305_76,2627-A93L,ed22bdbb-0211-4899-bb01-990ef17deecd,afe78bf0-e43f-4408-973e-306502c147fd,70aaaf85-2a2e-431c-b926-f591338349e3,96c18eaf-1437-4918-bd08-5975217244b7,860da56b-fd87-4b0d-82dc-672eb77555de,
tch_20200710-165305_59,19066a2e-c2a3-11ea-89f8-0242ac110002,std_1594381634893_59,class_20200710-165305_59,uGoB-i9Xf,b20987dc-66d4-48fe-9c00-e96dbcfb1301,184ed715-fdfa-47b1-bfbf-97722c273054,2100c2f2-1162-43f4-93ad-a19d7cea98ad,5fdfe11b-9012-4a5a-a690-40ae98467308,aeb0b63d-ca7a-4fd2-8934-02d6a5bb63a7,
tch_20200710-165305_77,1cca7733-c2a3-11ea-acee-0242ac110002,std_1594381640921_77,class_20200710-165305_77,VTvH-9Xhi,e9bd7f4e-22d1-4bd9-bbd6-f57c2ff2dc7d,760dc93d-8f32-4126-9cdf-41053983660b,ed5b1377-e8af-40b4-9de9-c47a26975154,e563823b-f8cf-49ff-bd94-fc58b245e68c,91137241-6c18-4a05-80e7-52fe2777a1ab,
tch_20200710-165305_74,1b5a9429-c2a3-11ea-89f8-0242ac110002,std_1594381638773_74,class_20200710-165305_74,4h73-wd73,6605713c-56e6-44a3-8a47-6c0629bb90d8,ff3d34eb-cc58-491c-bc52-8ab8ac8c2bf1,7b12afab-0411-43b4-becf-0069c4ae3ebb,7353cc62-5a56-4c33-9dec-09bf3c94504b,26140169-7f6d-42d5-86c2-92c2921c976f,
tch_20200710-165305_73,1bc4c76c-c2a3-11ea-af23-0242ac110002,std_1594381639500_73,class_20200710-165305_73,FcKF-Uptj,8d3a6731-391f-40de-b46c-847e63bd4623,4cc0a81b-d79e-4536-8f20-d64d5f037fae,a92a7fe2-1950-498b-bf60-8dfb206eebc1,d9aa7eb4-ec5b-4119-bafc-b468a39229f8,747beba2-cca1-410b-a25a-1f06c53cf685,
tch_20200710-165305_53,1df7d43f-c2a3-11ea-89f8-0242ac110002,std_1594381643147_53,class_20200710-165305_53,uHxj-Ls8t,a2828061-2dbb-467b-ae99-206f785e3f8a,ace623a2-60da-4b8c-baf4-67ff7cd42e5a,d2361723-8fc6-4dd1-8d35-c2371a320737,b1f2e40c-b2a3-4719-8fb2-625f0a27ecac,293a48fe-55b3-447e-86e2-e521ccf426bc,
tch_20200710-165305_54,1d365833-c2a3-11ea-96b3-0242ac110002,std_1594381641919_54,class_20200710-165305_54,fYeE-QAQi,d4856b82-c700-4fdb-b9a2-3e42ee7cc181,7a7edc27-c5fd-4fb1-9e45-b59c6328eba8,8605fb1c-38d1-4af4-87d8-274eb5dc53b0,81fef65a-42dc-465d-949e-b89a3585477c,a8d49cee-f5eb-410e-8ae0-76c2c066b6b8,
tch_20200710-165305_75,2177fa1b-c2a3-11ea-af23-0242ac110002,std_1594381649058_75,class_20200710-165305_75,7dNR-H6m7,ff87c64b-05e8-4924-b075-308df0e4e83a,e086cf56-a4b1-44c0-9f99-2d85dbebb66f,7984415a-9b95-4ae0-bef1-8a1dd0124943,78a5ebdf-7351-4261-be66-9150dbdf6293,379bc005-6c55-4140-847e-f49b44cfaba3,
tch_20200710-165305_67,1f45896f-c2a3-11ea-acee-0242ac110002,std_1594381645319_67,class_20200710-165305_67,fB83-Cx7i,38922d60-f344-4c37-b6f6-17341e70b874,6ca88699-a115-4431-833f-7a2cd11e18bf,1d1807cf-5052-4bed-afb7-dc54ca273ec4,ce167b6d-c9f9-47ce-b7eb-adc1520bf645,742092f1-533b-4131-ba77-305b3e396f9c,
tch_20200710-165305_68,1e10d9ae-c2a3-11ea-af23-0242ac110002,std_1594381643360_68,class_20200710-165305_68,frC3-923J,88ba7407-3084-466c-8e3c-3824d7e3232a,e6754fea-137e-431e-adc5-4f460ebd17e4,bc08a067-d598-4e29-9287-65273d3525b8,70816637-f412-43ec-8015-ac672f4fb1a6,f4ca5fd4-a33f-44a1-8235-4b975d2e1f23,
tch_20200710-165305_65,1f8c2fd7-c2a3-11ea-acee-0242ac110002,std_1594381645822_65,class_20200710-165305_65,9M6R-Ae27,95db7dca-e5b9-4b5d-8d51-64c625afa3d1,efd1aced-bd89-4f5c-9837-0ae3a5232d65,60a41abb-4297-490a-b44a-f96e2a8f29dd,6f7105f0-3740-4d24-b045-ed2a6ef89edc,1658b879-e7a0-4b2d-8d10-fc118effea07,
tch_20200710-165305_63,2208c881-c2a3-11ea-acee-0242ac110002,std_1594381650017_63,class_20200710-165305_63,AB43-mcac,58b52590-f84a-47cb-b782-786d0edde9a6,12aeed21-017e-406c-b40e-6525aa09b0a3,1477ffc5-b620-4c0b-a4a2-1a672cf3b41d,cfff63ef-3b21-4bf4-989d-8cc885a4461f,6ccffa5b-bd49-4f3a-8ea6-5816513aab39,
tch_20200710-165305_66,20b211bc-c2a3-11ea-acee-0242ac110002,std_1594381647760_66,class_20200710-165305_66,GfrE-v2X8,b71b832b-b158-4cbe-a022-97f5fc540fe1,4cffd094-3101-494f-9453-c6b25b28515d,56707fb1-4ddf-410c-8247-162ab48abcd6,3aebb21e-0b0b-4dbc-8a53-591123a23c21,ffa01791-91d3-4af7-8ab5-b7859fc8ed1f,
tch_20200710-165305_71,210896c5-c2a3-11ea-89f8-0242ac110002,std_1594381648318_71,class_20200710-165305_71,3Myu-6wFc,d4ac39c9-d851-493e-80b1-701c184eeee1,c474fa58-c198-4f68-9a48-6205b0f6220c,d8e5be2d-5f9e-4401-aa48-3656de183c78,3f62b1a0-0cc8-4dfe-8c36-0ba41d34d876,8fec0bd4-8e91-4462-ae84-f9e9ffa517d9,
tch_20200710-165305_57,214e7883-c2a3-11ea-96b3-0242ac110002,std_1594381648703_57,class_20200710-165305_57,ebfW-4dCR,f44ded3d-91d1-4120-8ea1-c5c1fbef4574,b5a7598e-689b-448b-b707-b884eeb10a02,f8704992-0893-44eb-933b-9274c1d00e90,7ff6a205-52db-4ae5-b6dd-98d1f60ef836,159ee5c4-d4f2-4d56-a517-2e457341bb96,
tch_20200710-165305_78,23bdcb85-c2a3-11ea-96b3-0242ac110002,std_1594381652566_78,class_20200710-165305_78,E98M-vMKi,13fb90fb-ee8c-4d7d-9e02-36ccd7f32ae2,c1115ce5-b7f9-47a5-86a7-c048027df951,4f7acf14-e12a-4146-b74e-4fb50586b019,adf1bc40-4ec2-44f1-909f-78ea125d5179,5c04c29d-777e-414f-abd2-583e74b116e3,
tch_20200710-165305_60,22154bdb-c2a3-11ea-89f8-0242ac110002,std_1594381650083_60,class_20200710-165305_60,tvNc-RXiH,5c4ee1f3-7097-423d-85d3-293efada9793,778be11e-75f1-4920-a95f-a5f7b4f2a02d,1dcecf79-5b37-4d4a-807f-88873ee51571,98c281b4-c5a3-42f6-b485-e7ceb319df70,b9ce065a-fec2-4065-9f67-ac1d245f306d,
tch_20200710-165305_55,23a67251-c2a3-11ea-acee-0242ac110002,std_1594381652705_55,class_20200710-165305_55,pumT-uF43,5c30b301-0f22-4c23-bbba-2411fa97e0d0,314e9f5c-f88c-49af-b885-d2c39f198990,7d40632d-d766-49ba-b8f9-d707a4ffdb32,0cb92745-5a0e-41d1-90ca-b88c31f4ab27,549ef6b6-4f94-4bba-a452-594ff092884f,
tch_20200710-165305_69,22913263-c2a3-11ea-acee-0242ac110002,std_1594381650889_69,class_20200710-165305_69,AuJ3-syn7,81325b62-2324-4afc-a542-59108f627220,ad374646-4c35-48c7-9cf5-fa36444cbddc,6be68858-96da-4b0e-b9cf-5f36898dd03c,a96b3fcc-dfaa-496b-8fbf-63debebd970a,b8f57e1f-9ecb-4937-8e56-5222f932efd3,
tch_20200710-165305_64,237d3f77-c2a3-11ea-96b3-0242ac110002,std_1594381652460_64,class_20200710-165305_64,v9R4-trc3,6753d35d-ed3e-4a5d-a36b-5c5a207c332d,85435209-154d-47db-827e-278ad4d5bd99,6812bd4e-5f2d-469f-b31b-f3bcf1dde519,03d97d6d-bc6a-427c-9c65-f5a0970e737a,ce382e7d-e7f3-4b4d-a294-f3c402253e7e,
tch_20200710-165305_70,21334f5d-c2a3-11ea-af23-0242ac110002,std_1594381648587_70,class_20200710-165305_70,VJGe-9HGv,eb2b4cf9-9b2a-40f8-803c-429cacccea61,cbc5db44-813d-4cd6-b1bf-148e779c3fc6,6524b889-9452-4d19-bee3-0ee68b92fd17,977a4df7-0434-4901-bf63-8a0d9ff8c16a,30fa836d-be81-4f6e-acd6-c821c4d3a96a,
tch_20200710-165305_61,21f3445a-c2a3-11ea-af23-0242ac110002,std_1594381649879_61,class_20200710-165305_61,8Ms3-Zg37,a13c5759-792e-43a5-b2d2-389c842fffad,b56b279f-9710-43c0-8479-7720febafaa4,4c51714b-2d25-4ee1-8d03-2e788aa2e82c,eec9a537-97b7-41c3-9e8b-01ceeb789de6,8a8d4081-350d-4b51-b496-3278a7ab1f25,
tch_20200710-165305_56,23344fc5-c2a3-11ea-acee-0242ac110002,std_1594381651952_56,class_20200710-165305_56,2wYz-Wg3K,50895f2c-a88d-4b39-b898-e3838607a07a,75b97bcb-3ab2-440e-a8e3-dd6464c23c5e,52b7bdc8-acf6-48bb-bec6-1adc969a478d,65a7be10-4b6f-4007-b8cc-a188c6c1e2bc,f811c93c-6879-46fc-804d-0f038b895015,
tch_20200710-165305_58,26f6fcf3-c2a3-11ea-acee-0242ac110002,std_1594381658258_58,class_20200710-165305_58,3eAU-m3w8,bfc142e3-1bd7-4e35-bd0d-8c222735e674,334f5abd-3a74-4bf2-aad4-ad1691932720,b6d14f94-885a-42fd-8b77-cdb812960806,0c88f10a-b9e6-4262-b356-57b8e22e632b,4b968926-ef5d-4acf-aab6-5d03cf3ccc92,
tch_20200710-165305_59,27cfaa1b-c2a3-11ea-af23-0242ac110002,std_1594381659707_59,class_20200710-165305_59,uGoB-i9Xf,b20987dc-66d4-48fe-9c00-e96dbcfb1301,184ed715-fdfa-47b1-bfbf-97722c273054,2100c2f2-1162-43f4-93ad-a19d7cea98ad,5fdfe11b-9012-4a5a-a690-40ae98467308,aeb0b63d-ca7a-4fd2-8934-02d6a5bb63a7,
tch_20200710-165305_62,25bc815b-c2a3-11ea-acee-0242ac110002,std_1594381656209_62,class_20200710-165305_62,o6sK-64Pj,a1f64244-e3a4-447e-a72d-a9f9d4b818bd,7fd9b93c-7a32-4ce2-9fb6-f39f75d298da,8f6b7834-0ddf-4b72-a817-c6e32d29b8fa,22443983-fa72-43f8-a505-666245dcda7c,0eff07ba-9049-4d5c-bc59-b69733bf8ac4,
tch_20200710-165305_72,276d656f-c2a3-11ea-96b3-0242ac110002,std_1594381659070_72,class_20200710-165305_72,XqJ3-FmKc,34e770d0-4922-4ba9-a2c1-09ec0bdcae96,875edea8-1c38-41f4-bfcf-524200ae0f03,1f41c443-2592-4f77-8c22-33f2cbd3d295,e294e4fd-9ceb-4c12-a81d-c575d8c2e69d,0540d470-8f49-4727-bd00-70bcbea88b73,
tch_20200710-165305_74,29330a89-c2a3-11ea-acee-0242ac110002,std_1594381662030_74,class_20200710-165305_74,4h73-wd73,6605713c-56e6-44a3-8a47-6c0629bb90d8,ff3d34eb-cc58-491c-bc52-8ab8ac8c2bf1,7b12afab-0411-43b4-becf-0069c4ae3ebb,7353cc62-5a56-4c33-9dec-09bf3c94504b,26140169-7f6d-42d5-86c2-92c2921c976f,
tch_20200710-165305_76,27b3212e-c2a3-11ea-af23-0242ac110002,std_1594381659515_76,class_20200710-165305_76,2627-A93L,ed22bdbb-0211-4899-bb01-990ef17deecd,afe78bf0-e43f-4408-973e-306502c147fd,70aaaf85-2a2e-431c-b926-f591338349e3,96c18eaf-1437-4918-bd08-5975217244b7,860da56b-fd87-4b0d-82dc-672eb77555de,
tch_20200710-165305_73,29762ddc-c2a3-11ea-96b3-0242ac110002,std_1594381662481_73,class_20200710-165305_73,FcKF-Uptj,8d3a6731-391f-40de-b46c-847e63bd4623,4cc0a81b-d79e-4536-8f20-d64d5f037fae,a92a7fe2-1950-498b-bf60-8dfb206eebc1,d9aa7eb4-ec5b-4119-bafc-b468a39229f8,747beba2-cca1-410b-a25a-1f06c53cf685,
tch_20200710-165305_77,290e6b39-c2a3-11ea-89f8-0242ac110002,std_1594381661776_77,class_20200710-165305_77,VTvH-9Xhi,e9bd7f4e-22d1-4bd9-bbd6-f57c2ff2dc7d,760dc93d-8f32-4126-9cdf-41053983660b,ed5b1377-e8af-40b4-9de9-c47a26975154,e563823b-f8cf-49ff-bd94-fc58b245e68c,91137241-6c18-4a05-80e7-52fe2777a1ab,
tch_20200710-165305_66,2ea00c19-c2a3-11ea-89f8-0242ac110002,std_1594381671145_66,class_20200710-165305_66,GfrE-v2X8,b71b832b-b158-4cbe-a022-97f5fc540fe1,4cffd094-3101-494f-9453-c6b25b28515d,56707fb1-4ddf-410c-8247-162ab48abcd6,3aebb21e-0b0b-4dbc-8a53-591123a23c21,ffa01791-91d3-4af7-8ab5-b7859fc8ed1f,
tch_20200710-165305_57,2ece964f-c2a3-11ea-96b3-0242ac110002,std_1594381671409_57,class_20200710-165305_57,ebfW-4dCR,f44ded3d-91d1-4120-8ea1-c5c1fbef4574,b5a7598e-689b-448b-b707-b884eeb10a02,f8704992-0893-44eb-933b-9274c1d00e90,7ff6a205-52db-4ae5-b6dd-98d1f60ef836,159ee5c4-d4f2-4d56-a517-2e457341bb96,
tch_20200710-165305_68,2c90b487-c2a3-11ea-af23-0242ac110002,std_1594381667680_68,class_20200710-165305_68,frC3-923J,88ba7407-3084-466c-8e3c-3824d7e3232a,e6754fea-137e-431e-adc5-4f460ebd17e4,bc08a067-d598-4e29-9287-65273d3525b8,70816637-f412-43ec-8015-ac672f4fb1a6,f4ca5fd4-a33f-44a1-8235-4b975d2e1f23,
tch_20200710-165305_67,tch_20200710-165305_752c658562-c2a3-11ea-af23-0242ac110002,std_1594381667380_67,,2c3b8fe5-c2a3-11ea-af23-0242ac110002class_20200710-165305_67,,std_1594381667120_75fB83-Cx7i,,class_20200710-165305_75,38922d60-f344-4c37-b6f6-17341e70b874,6ca88699-a115-4431-833f-7a2cd11e18bf,1d1807cf-5052-4bed-afb7-dc54ca273ec4,ce167b6d-c9f9-47ce-b7eb-adc1520bf645,742092f1-533b-4131-ba77-305b3e396f9c,7dNR-H6m7,
ff87c64b-05e8-4924-b075-308df0e4e83a,e086cf56-a4b1-44c0-9f99-2d85dbebb66f,7984415a-9b95-4ae0-bef1-8a1dd0124943,78a5ebdf-7351-4261-be66-9150dbdf6293,379bc005-6c55-4140-847e-f49b44cfaba3,
tch_20200710-165305_63,2d8fd502-c2a3-11ea-af23-0242ac110002,std_1594381669360_63,class_20200710-165305_63,AB43-mcac,58b52590-f84a-47cb-b782-786d0edde9a6,12aeed21-017e-406c-b40e-6525aa09b0a3,1477ffc5-b620-4c0b-a4a2-1a672cf3b41d,cfff63ef-3b21-4bf4-989d-8cc885a4461f,6ccffa5b-bd49-4f3a-8ea6-5816513aab39,
tch_20200710-165305_79,2f1933d1-c2a3-11ea-acee-0242ac110002,std_1594381671631_79,class_20200710-165305_79,4u3g-2Q6c,b59a35bf-2abd-4c26-bba9-a5e78c1dd979,399bf06d-772b-4c6e-bebf-0d3e4cb56f05,b203d5e5-94d3-4ff8-a2e0-71596a30f6cb,886dd65d-f6ca-4a73-88c6-05a58039baaf,29c11558-cf22-4470-b8c7-53a9a504f781,
tch_20200710-165305_65,2d28ae57-c2a3-11ea-89f8-0242ac110002,std_1594381668671_65,class_20200710-165305_65,9M6R-Ae27,95db7dca-e5b9-4b5d-8d51-64c625afa3d1,efd1aced-bd89-4f5c-9837-0ae3a5232d65,60a41abb-4297-490a-b44a-f96e2a8f29dd,6f7105f0-3740-4d24-b045-ed2a6ef89edc,1658b879-e7a0-4b2d-8d10-fc118effea07,
tch_20200710-165305_78,2f39b47f-c2a3-11ea-acee-0242ac110002,std_1594381672137_78,class_20200710-165305_78,E98M-vMKi,13fb90fb-ee8c-4d7d-9e02-36ccd7f32ae2,c1115ce5-b7f9-47a5-86a7-c048027df951,4f7acf14-e12a-4146-b74e-4fb50586b019,adf1bc40-4ec2-44f1-909f-78ea125d5179,5c04c29d-777e-414f-abd2-583e74b116e3,
tch_20200710-165305_70,30156e2e-c2a3-11ea-af23-0242ac110002,std_1594381673591_70,class_20200710-165305_70,VJGe-9HGv,eb2b4cf9-9b2a-40f8-803c-429cacccea61,cbc5db44-813d-4cd6-b1bf-148e779c3fc6,6524b889-9452-4d19-bee3-0ee68b92fd17,977a4df7-0434-4901-bf63-8a0d9ff8c16a,30fa836d-be81-4f6e-acd6-c821c4d3a96a,
tch_20200710-165305_64,2fc6b230-c2a3-11ea-acee-0242ac110002,std_1594381673063_64,class_20200710-165305_64,v9R4-trc3,6753d35d-ed3e-4a5d-a36b-5c5a207c332d,85435209-154d-47db-827e-278ad4d5bd99,6812bd4e-5f2d-469f-b31b-f3bcf1dde519,03d97d6d-bc6a-427c-9c65-f5a0970e737a,ce382e7d-e7f3-4b4d-a294-f3c402253e7e,
tch_20200710-165305_55,2fa2afcc-c2a3-11ea-acee-0242ac110002,std_1594381672805_55,class_20200710-165305_55,pumT-uF43,5c30b301-0f22-4c23-bbba-2411fa97e0d0,314e9f5c-f88c-49af-b885-d2c39f198990,7d40632d-d766-49ba-b8f9-d707a4ffdb32,0cb92745-5a0e-41d1-90ca-b88c31f4ab27,549ef6b6-4f94-4bba-a452-594ff092884f,
tch_20200710-165305_71,2ebc959e-c2a3-11ea-96b3-0242ac110002,std_1594381671331_71,class_20200710-165305_71,3Myu-6wFc,d4ac39c9-d851-493e-80b1-701c184eeee1,c474fa58-c198-4f68-9a48-6205b0f6220c,d8e5be2d-5f9e-4401-aa48-3656de183c78,3f62b1a0-0cc8-4dfe-8c36-0ba41d34d876,8fec0bd4-8e91-4462-ae84-f9e9ffa517d9,
tch_20200710-165305_69,2fbb193c-c2a3-11ea-96b3-0242ac110002,std_1594381672986_69,class_20200710-165305_69,AuJ3-syn7,81325b62-2324-4afc-a542-59108f627220,ad374646-4c35-48c7-9cf5-fa36444cbddc,6be68858-96da-4b0e-b9cf-5f36898dd03c,a96b3fcc-dfaa-496b-8fbf-63debebd970a,b8f57e1f-9ecb-4937-8e56-5222f932efd3,
tch_20200710-165305_60,2f99d5dd-c2a3-11ea-acee-0242ac110002,std_1594381672767_60,class_20200710-165305_60,tvNc-RXiH,5c4ee1f3-7097-423d-85d3-293efada9793,778be11e-75f1-4920-a95f-a5f7b4f2a02d,1dcecf79-5b37-4d4a-807f-88873ee51571,98c281b4-c5a3-42f6-b485-e7ceb319df70,b9ce065a-fec2-4065-9f67-ac1d245f306d,
tch_20200710-165305_61,31bbf212-c2a3-11ea-af23-0242ac110002,std_1594381676343_61,class_20200710-165305_61,8Ms3-Zg37,a13c5759-792e-43a5-b2d2-389c842fffad,b56b279f-9710-43c0-8479-7720febafaa4,4c51714b-2d25-4ee1-8d03-2e788aa2e82c,eec9a537-97b7-41c3-9e8b-01ceeb789de6,8a8d4081-350d-4b51-b496-3278a7ab1f25,
tch_20200710-165305_59,33ad3b21-c2a3-11ea-96b3-0242ac110002,std_1594381679598_59,class_20200710-165305_59,uGoB-i9Xf,b20987dc-66d4-48fe-9c00-e96dbcfb1301,184ed715-fdfa-47b1-bfbf-97722c273054,2100c2f2-1162-43f4-93ad-a19d7cea98ad,5fdfe11b-9012-4a5a-a690-40ae98467308,aeb0b63d-ca7a-4fd2-8934-02d6a5bb63a7,
tch_20200710-165305_58,33504e92-c2a3-11ea-acee-0242ac110002,std_1594381678995_58,class_20200710-165305_58,3eAU-m3w8,bfc142e3-1bd7-4e35-bd0d-8c222735e674,334f5abd-3a74-4bf2-aad4-ad1691932720,b6d14f94-885a-42fd-8b77-cdb812960806,0c88f10a-b9e6-4262-b356-57b8e22e632b,4b968926-ef5d-4acf-aab6-5d03cf3ccc92,
tch_20200710-165305_56,3253779d-c2a3-11ea-89f8-0242ac110002,std_1594381677323_56,class_20200710-165305_56,2wYz-Wg3K,50895f2c-a88d-4b39-b898-e3838607a07a,75b97bcb-3ab2-440e-a8e3-dd6464c23c5e,52b7bdc8-acf6-48bb-bec6-1adc969a478d,65a7be10-4b6f-4007-b8cc-a188c6c1e2bc,f811c93c-6879-46fc-804d-0f038b895015,
tch_20200710-165305_77,37bc3417-c2a3-11ea-89f8-0242ac110002,std_1594381686416_77,class_20200710-165305_77,VTvH-9Xhi,e9bd7f4e-22d1-4bd9-bbd6-f57c2ff2dc7d,760dc93d-8f32-4126-9cdf-41053983660b,ed5b1377-e8af-40b4-9de9-c47a26975154,e563823b-f8cf-49ff-bd94-fc58b245e68c,91137241-6c18-4a05-80e7-52fe2777a1ab,
tch_20200710-165305_62,3428ad34-c2a3-11ea-96b3-0242ac110002,std_1594381680404_62,class_20200710-165305_62,o6sK-64Pj,a1f64244-e3a4-447e-a72d-a9f9d4b818bd,7fd9b93c-7a32-4ce2-9fb6-f39f75d298da,8f6b7834-0ddf-4b72-a817-c6e32d29b8fa,22443983-fa72-43f8-a505-666245dcda7c,0eff07ba-9049-4d5c-bc59-b69733bf8ac4,
tch_20200710-165305_73,3694a335-c2a3-11ea-89f8-0242ac110002,std_1594381684466_73,class_20200710-165305_73,FcKF-Uptj,8d3a6731-391f-40de-b46c-847e63bd4623,4cc0a81b-d79e-4536-8f20-d64d5f037fae,a92a7fe2-1950-498b-bf60-8dfb206eebc1,d9aa7eb4-ec5b-4119-bafc-b468a39229f8,747beba2-cca1-410b-a25a-1f06c53cf685,
tch_20200710-165305_76,366137c3-c2a3-11ea-89f8-0242ac110002,std_1594381684140_76,class_20200710-165305_76,2627-A93L,ed22bdbb-0211-4899-bb01-990ef17deecd,afe78bf0-e43f-4408-973e-306502c147fd,70aaaf85-2a2e-431c-b926-f591338349e3,96c18eaf-1437-4918-bd08-5975217244b7,860da56b-fd87-4b0d-82dc-672eb77555de,
tch_20200710-165305_74,35d990a1-c2a3-11ea-af23-0242ac110002,std_1594381683260_74,class_20200710-165305_74,4h73-wd73,6605713c-56e6-44a3-8a47-6c0629bb90d8,ff3d34eb-cc58-491c-bc52-8ab8ac8c2bf1,7b12afab-0411-43b4-becf-0069c4ae3ebb,7353cc62-5a56-4c33-9dec-09bf3c94504b,26140169-7f6d-42d5-86c2-92c2921c976f,
tch_20200710-165305_72,35b7ff8b-c2a3-11ea-af23-0242ac110002,std_1594381683006_72,class_20200710-165305_72,XqJ3-FmKc,34e770d0-4922-4ba9-a2c1-09ec0bdcae96,875edea8-1c38-41f4-bfcf-524200ae0f03,1f41c443-2592-4f77-8c22-33f2cbd3d295,e294e4fd-9ceb-4c12-a81d-c575d8c2e69d,0540d470-8f49-4727-bd00-70bcbea88b73,
tch_20200710-165305_80,3a83916c-c2a3-11ea-af23-0242ac110002,std_1594381690787_80,class_20200710-165305_80,aV4j-THZz,d8f24ddb-d531-4df8-94d5-46f6a3de6aa0,fa0afb60-d2d5-4d65-a310-e0b77c73ac28,cfe10b0a-b080-4634-aa09-fd0a5d673b28,566bb1c1-a037-4867-ad94-fca6de111785,d56f92ea-1d01-4611-858e-4a38e337c246,
tch_20200710-165305_66,39a93712-c2a3-11ea-af23-0242ac110002,std_1594381689661_66,class_20200710-165305_66,GfrE-v2X8,b71b832b-b158-4cbe-a022-97f5fc540fe1,4cffd094-3101-494f-9453-c6b25b28515d,56707fb1-4ddf-410c-8247-162ab48abcd6,3aebb21e-0b0b-4dbc-8a53-591123a23c21,ffa01791-91d3-4af7-8ab5-b7859fc8ed1f,
tch_20200710-165305_75,3b361874-c2a3-11ea-89f8-0242ac110002,std_1594381692230_75,class_20200710-165305_75,7dNR-H6m7,ff87c64b-05e8-4924-b075-308df0e4e83a,e086cf56-a4b1-44c0-9f99-2d85dbebb66f,7984415a-9b95-4ae0-bef1-8a1dd0124943,78a5ebdf-7351-4261-be66-9150dbdf6293,379bc005-6c55-4140-847e-f49b44cfaba3,
tch_20200710-165305_57,39ca7a6d-c2a3-11ea-acee-0242ac110002,std_1594381689833_57,class_20200710-165305_57,ebfW-4dCR,f44ded3d-91d1-4120-8ea1-c5c1fbef4574,b5a7598e-689b-448b-b707-b884eeb10a02,f8704992-0893-44eb-933b-9274c1d00e90,7ff6a205-52db-4ae5-b6dd-98d1f60ef836,159ee5c4-d4f2-4d56-a517-2e457341bb96,
tch_20200710-165305_64,3cecefac-c2a3-11ea-af23-0242ac110002,std_1594381695115_64,class_20200710-165305_64,v9R4-trc3,6753d35d-ed3e-4a5d-a36b-5c5a207c332d,85435209-154d-47db-827e-278ad4d5bd99,6812bd4e-5f2d-469f-b31b-f3bcf1dde519,03d97d6d-bc6a-427c-9c65-f5a0970e737a,ce382e7d-e7f3-4b4d-a294-f3c402253e7e,
tch_20200710-165305_63,3b5c1720-c2a3-11ea-acee-0242ac110002,std_1594381692493_63,class_20200710-165305_63,AB43-mcac,58b52590-f84a-47cb-b782-786d0edde9a6,12aeed21-017e-406c-b40e-6525aa09b0a3,1477ffc5-b620-4c0b-a4a2-1a672cf3b41d,cfff63ef-3b21-4bf4-989d-8cc885a4461f,6ccffa5b-bd49-4f3a-8ea6-5816513aab39,
tch_20200710-165305_68,3aaaa11c-c2a3-11ea-acee-0242ac110002,std_1594381691349_68,class_20200710-165305_68,frC3-923J,88ba7407-3084-466c-8e3c-3824d7e3232a,e6754fea-137e-431e-adc5-4f460ebd17e4,bc08a067-d598-4e29-9287-65273d3525b8,70816637-f412-43ec-8015-ac672f4fb1a6,f4ca5fd4-a33f-44a1-8235-4b975d2e1f23,
tch_20200710-165305_79,3c0aa692-c2a3-11ea-96b3-0242ac110002,std_1594381693648_79,class_20200710-165305_79,4u3g-2Q6c,b59a35bf-2abd-4c26-bba9-a5e78c1dd979,399bf06d-772b-4c6e-bebf-0d3e4cb56f05,b203d5e5-94d3-4ff8-a2e0-71596a30f6cb,886dd65d-f6ca-4a73-88c6-05a58039baaf,29c11558-cf22-4470-b8c7-53a9a504f781,
tch_20200710-165305_78,3c65be70-c2a3-11ea-af23-0242ac110002,std_1594381694196_78,class_20200710-165305_78,E98M-vMKi,13fb90fb-ee8c-4d7d-9e02-36ccd7f32ae2,c1115ce5-b7f9-47a5-86a7-c048027df951,4f7acf14-e12a-4146-b74e-4fb50586b019,adf1bc40-4ec2-44f1-909f-78ea125d5179,5c04c29d-777e-414f-abd2-583e74b116e3,
tch_20200710-165305_67,3b346aba-c2a3-11ea-89f8-0242ac110002,std_1594381692230_67,class_20200710-165305_67,fB83-Cx7i,38922d60-f344-4c37-b6f6-17341e70b874,6ca88699-a115-4431-833f-7a2cd11e18bf,1d1807cf-5052-4bed-afb7-dc54ca273ec4,ce167b6d-c9f9-47ce-b7eb-adc1520bf645,742092f1-533b-4131-ba77-305b3e396f9c,
tch_20200710-165305_70,3c90ed14-c2a3-11ea-acee-0242ac110002,std_1594381694496_70,class_20200710-165305_70,VJGe-9HGv,eb2b4cf9-9b2a-40f8-803c-429cacccea61,cbc5db44-813d-4cd6-b1bf-148e779c3fc6,6524b889-9452-4d19-bee3-0ee68b92fd17,977a4df7-0434-4901-bf63-8a0d9ff8c16a,30fa836d-be81-4f6e-acd6-c821c4d3a96a,
tch_20200710-165305_65,3c41472f-c2a3-11ea-af23-0242ac110002,std_1594381693999_65,class_20200710-165305_65,9M6R-Ae27,95db7dca-e5b9-4b5d-8d51-64c625afa3d1,efd1aced-bd89-4f5c-9837-0ae3a5232d65,60a41abb-4297-490a-b44a-f96e2a8f29dd,6f7105f0-3740-4d24-b045-ed2a6ef89edc,1658b879-e7a0-4b2d-8d10-fc118effea07,
tch_20200710-165305_71,3d2d0641-c2a3-11ea-89f8-0242ac110002,std_1594381695547_71,class_20200710-165305_71,3Myu-6wFc,d4ac39c9-d851-493e-80b1-701c184eeee1,c474fa58-c198-4f68-9a48-6205b0f6220c,d8e5be2d-5f9e-4401-aa48-3656de183c78,3f62b1a0-0cc8-4dfe-8c36-0ba41d34d876,8fec0bd4-8e91-4462-ae84-f9e9ffa517d9,
tch_20200710-165305_69,3e6c3cfb-c2a3-11ea-af23-0242ac110002,std_1594381697655_69,class_20200710-165305_69,AuJ3-syn7,81325b62-2324-4afc-a542-59108f627220,ad374646-4c35-48c7-9cf5-fa36444cbddc,6be68858-96da-4b0e-b9cf-5f36898dd03c,a96b3fcc-dfaa-496b-8fbf-63debebd970a,b8f57e1f-9ecb-4937-8e56-5222f932efd3,
tch_20200710-165305_60,3f03c191-c2a3-11ea-89f8-0242ac110002,std_1594381698621_60,class_20200710-165305_60,tvNc-RXiH,5c4ee1f3-7097-423d-85d3-293efada9793,778be11e-75f1-4920-a95f-a5f7b4f2a02d,1dcecf79-5b37-4d4a-807f-88873ee51571,98c281b4-c5a3-42f6-b485-e7ceb319df70,b9ce065a-fec2-4065-9f67-ac1d245f306d,
tch_20200710-165305_59,408001f6-c2a3-11ea-96b3-0242ac110002,std_1594381701118_59,class_20200710-165305_59,uGoB-i9Xf,b20987dc-66d4-48fe-9c00-e96dbcfb1301,184ed715-fdfa-47b1-bfbf-97722c273054,2100c2f2-1162-43f4-93ad-a19d7cea98ad,5fdfe11b-9012-4a5a-a690-40ae98467308,aeb0b63d-ca7a-4fd2-8934-02d6a5bb63a7,
tch_20200710-165305_61,3f78a395-c2a3-11ea-96b3-0242ac110002,std_1594381699405_61,class_20200710-165305_61,8Ms3-Zg37,a13c5759-792e-43a5-b2d2-389c842fffad,b56b279f-9710-43c0-8479-7720febafaa4,4c51714b-2d25-4ee1-8d03-2e788aa2e82c,eec9a537-97b7-41c3-9e8b-01ceeb789de6,8a8d4081-350d-4b51-b496-3278a7ab1f25,
tch_20200710-165305_77,4335ac07-c2a3-11ea-96b3-0242ac110002,std_1594381705671_77,class_20200710-165305_77,VTvH-9Xhi,e9bd7f4e-22d1-4bd9-bbd6-f57c2ff2dc7d,760dc93d-8f32-4126-9cdf-41053983660b,ed5b1377-e8af-40b4-9de9-c47a26975154,e563823b-f8cf-49ff-bd94-fc58b245e68c,91137241-6c18-4a05-80e7-52fe2777a1ab,
tch_20200710-165305_56,42d2cb1a-c2a3-11ea-89f8-0242ac110002,std_1594381704962_56,class_20200710-165305_56,2wYz-Wg3K,50895f2c-a88d-4b39-b898-e3838607a07a,75b97bcb-3ab2-440e-a8e3-dd6464c23c5e,52b7bdc8-acf6-48bb-bec6-1adc969a478d,65a7be10-4b6f-4007-b8cc-a188c6c1e2bc,f811c93c-6879-46fc-804d-0f038b895015,
tch_20200710-165305_58,40da5733-c2a3-11ea-acee-0242ac110002,std_1594381701715_58,class_20200710-165305_58,3eAU-m3w8,bfc142e3-1bd7-4e35-bd0d-8c222735e674,334f5abd-3a74-4bf2-aad4-ad1691932720,b6d14f94-885a-42fd-8b77-cdb812960806,0c88f10a-b9e6-4262-b356-57b8e22e632b,4b968926-ef5d-4acf-aab6-5d03cf3ccc92,
tch_20200710-165305_74,44844c3a-c2a3-11ea-af23-0242ac110002,std_1594381707829_74,class_20200710-165305_74,4h73-wd73,6605713c-56e6-44a3-8a47-6c0629bb90d8,ff3d34eb-cc58-491c-bc52-8ab8ac8c2bf1,7b12afab-0411-43b4-becf-0069c4ae3ebb,7353cc62-5a56-4c33-9dec-09bf3c94504b,26140169-7f6d-42d5-86c2-92c2921c976f,
tch_20200710-165305_75,475b1312-c2a3-11ea-af23-0242ac110002,std_1594381712627_75,class_20200710-165305_75,7dNR-H6m7,ff87c64b-05e8-4924-b075-308df0e4e83a,e086cf56-a4b1-44c0-9f99-2d85dbebb66f,7984415a-9b95-4ae0-bef1-8a1dd0124943,78a5ebdf-7351-4261-be66-9150dbdf6293,379bc005-6c55-4140-847e-f49b44cfaba3,
tch_20200710-165305_62,436e6f05-c2a3-11ea-89f8-0242ac110002,std_1594381706048_62,class_20200710-165305_62,o6sK-64Pj,a1f64244-e3a4-447e-a72d-a9f9d4b818bd,7fd9b93c-7a32-4ce2-9fb6-f39f75d298da,8f6b7834-0ddf-4b72-a817-c6e32d29b8fa,22443983-fa72-43f8-a505-666245dcda7c,0eff07ba-9049-4d5c-bc59-b69733bf8ac4,
tch_20200710-165305_72,44f81c5b-c2a3-11ea-96b3-0242ac110002,std_1594381708612_72,class_20200710-165305_72,XqJ3-FmKc,34e770d0-4922-4ba9-a2c1-09ec0bdcae96,875edea8-1c38-41f4-bfcf-524200ae0f03,1f41c443-2592-4f77-8c22-33f2cbd3d295,e294e4fd-9ceb-4c12-a81d-c575d8c2e69d,0540d470-8f49-4727-bd00-70bcbea88b73,
tch_20200710-165305_80,457a6c12-c2a3-11ea-af23-0242ac110002,std_1594381709448_80,class_20200710-165305_80,aV4j-THZz,d8f24ddb-d531-4df8-94d5-46f6a3de6aa0,fa0afb60-d2d5-4d65-a310-e0b77c73ac28,cfe10b0a-b080-4634-aa09-fd0a5d673b28,566bb1c1-a037-4867-ad94-fca6de111785,d56f92ea-1d01-4611-858e-4a38e337c246,
tch_20200710-165305_76,43b22f23-c2a3-11ea-af23-0242ac110002,std_1594381706479_76,class_20200710-165305_76,2627-A93L,ed22bdbb-0211-4899-bb01-990ef17deecd,afe78bf0-e43f-4408-973e-306502c147fd,70aaaf85-2a2e-431c-b926-f591338349e3,96c18eaf-1437-4918-bd08-5975217244b7,860da56b-fd87-4b0d-82dc-672eb77555de,
tch_20200710-165305_73,4375265f-c2a3-11ea-af23-0242ac110002,std_1594381706061_73,class_20200710-165305_73,FcKF-Uptj,8d3a6731-391f-40de-b46c-847e63bd4623,4cc0a81b-d79e-4536-8f20-d64d5f037fae,a92a7fe2-1950-498b-bf60-8dfb206eebc1,d9aa7eb4-ec5b-4119-bafc-b468a39229f8,747beba2-cca1-410b-a25a-1f06c53cf685,
tch_20200710-165305_81,44e6de0e-c2a3-11ea-96b3-0242ac110002,std_1594381708155_81,class_20200710-165305_81,bGfB-uTRe,fbf2f096-f1eb-4f92-8682-f8f7466a6ee5,731024c7-240d-4fca-b4db-e0337125d9dc,9062f563-1994-405b-a9c2-e703fbfe737e,d60e96e3-0dba-488f-a932-8c7baee5802c,1bd3aa32-463c-47f1-96e3-b273a5d9258a,
tch_20200710-165305_66,46e3bfab-c2a3-11ea-af23-0242ac110002,std_1594381711837_66,class_20200710-165305_66,GfrE-v2X8,b71b832b-b158-4cbe-a022-97f5fc540fe1,4cffd094-3101-494f-9453-c6b25b28515d,56707fb1-4ddf-410c-8247-162ab48abcd6,3aebb21e-0b0b-4dbc-8a53-591123a23c21,ffa01791-91d3-4af7-8ab5-b7859fc8ed1f,
tch_20200710-165305_63,48f5afc0-c2a3-11ea-89f8-0242ac110002,std_1594381715325_63,class_20200710-165305_63,AB43-mcac,58b52590-f84a-47cb-b782-786d0edde9a6,12aeed21-017e-406c-b40e-6525aa09b0a3,1477ffc5-b620-4c0b-a4a2-1a672cf3b41d,cfff63ef-3b21-4bf4-989d-8cc885a4461f,6ccffa5b-bd49-4f3a-8ea6-5816513aab39,
tch_20200710-165305_64,47ba49e8-c2a3-11ea-89f8-0242ac110002,std_1594381713252_64,class_20200710-165305_64,v9R4-trc3,6753d35d-ed3e-4a5d-a36b-5c5a207c332d,85435209-154d-47db-827e-278ad4d5bd99,6812bd4e-5f2d-469f-b31b-f3bcf1dde519,03d97d6d-bc6a-427c-9c65-f5a0970e737a,ce382e7d-e7f3-4b4d-a294-f3c402253e7e,
tch_20200710-165305_57,47ad2ac6-c2a3-11ea-acee-0242ac110002,std_1594381713177_57,class_20200710-165305_57,ebfW-4dCR,f44ded3d-91d1-4120-8ea1-c5c1fbef4574,b5a7598e-689b-448b-b707-b884eeb10a02,f8704992-0893-44eb-933b-9274c1d00e90,7ff6a205-52db-4ae5-b6dd-98d1f60ef836,159ee5c4-d4f2-4d56-a517-2e457341bb96,
tch_20200710-165305_78,497a6fe5-c2a3-11ea-af23-0242ac110002,std_1594381716162_78,class_20200710-165305_78,E98M-vMKi,13fb90fb-ee8c-4d7d-9e02-36ccd7f32ae2,c1115ce5-b7f9-47a5-86a7-c048027df951,4f7acf14-e12a-4146-b74e-4fb50586b019,adf1bc40-4ec2-44f1-909f-78ea125d5179,5c04c29d-777e-414f-abd2-583e74b116e3,
tch_20200710-165305_79,494d93a4-c2a3-11ea-acee-0242ac110002,std_1594381715893_79,class_20200710-165305_79,4u3g-2Q6c,b59a35bf-2abd-4c26-bba9-a5e78c1dd979,399bf06d-772b-4c6e-bebf-0d3e4cb56f05,b203d5e5-94d3-4ff8-a2e0-71596a30f6cb,886dd65d-f6ca-4a73-88c6-05a58039baaf,29c11558-cf22-4470-b8c7-53a9a504f781,
tch_20200710-165305_68,49415e73-c2a3-11ea-acee-0242ac110002,std_1594381715756_68,class_20200710-165305_68,frC3-923J,88ba7407-3084-466c-8e3c-3824d7e3232a,e6754fea-137e-431e-adc5-4f460ebd17e4,bc08a067-d598-4e29-9287-65273d3525b8,70816637-f412-43ec-8015-ac672f4fb1a6,f4ca5fd4-a33f-44a1-8235-4b975d2e1f23,
tch_20200710-165305_70,4a6e943f-c2a3-11ea-89f8-0242ac110002,std_1594381717788_70,class_20200710-165305_70,VJGe-9HGv,eb2b4cf9-9b2a-40f8-803c-429cacccea61,cbc5db44-813d-4cd6-b1bf-148e779c3fc6,6524b889-9452-4d19-bee3-0ee68b92fd17,977a4df7-0434-4901-bf63-8a0d9ff8c16a,30fa836d-be81-4f6e-acd6-c821c4d3a96a,
tch_20200710-165305_71,4b6c7bee-c2a3-11ea-af23-0242ac110002,std_1594381719458_71,class_20200710-165305_71,3Myu-6wFc,d4ac39c9-d851-493e-80b1-701c184eeee1,c474fa58-c198-4f68-9a48-6205b0f6220c,d8e5be2d-5f9e-4401-aa48-3656de183c78,3f62b1a0-0cc8-4dfe-8c36-0ba41d34d876,8fec0bd4-8e91-4462-ae84-f9e9ffa517d9,
tch_20200710-165305_67,49e03696-c2a3-11ea-acee-0242ac110002,std_1594381716862_67,class_20200710-165305_67,fB83-Cx7i,38922d60-f344-4c37-b6f6-17341e70b874,6ca88699-a115-4431-833f-7a2cd11e18bf,1d1807cf-5052-4bed-afb7-dc54ca273ec4,ce167b6d-c9f9-47ce-b7eb-adc1520bf645,742092f1-533b-4131-ba77-305b3e396f9c,
tch_20200710-165305_60,4bdc5492-c2a3-11ea-af23-0242ac110002,std_1594381720162_60,class_20200710-165305_60,tvNc-RXiH,5c4ee1f3-7097-423d-85d3-293efada9793,778be11e-75f1-4920-a95f-a5f7b4f2a02d,1dcecf79-5b37-4d4a-807f-88873ee51571,98c281b4-c5a3-42f6-b485-e7ceb319df70,b9ce065a-fec2-4065-9f67-ac1d245f306d,
tch_20200710-165305_69,4b949e0d-c2a3-11ea-89f8-0242ac110002,std_1594381719723_69,class_20200710-165305_69,AuJ3-syn7,81325b62-2324-4afc-a542-59108f627220,ad374646-4c35-48c7-9cf5-fa36444cbddc,6be68858-96da-4b0e-b9cf-5f36898dd03c,a96b3fcc-dfaa-496b-8fbf-63debebd970a,b8f57e1f-9ecb-4937-8e56-5222f932efd3,
tch_20200710-165305_65,4ac280a4-c2a3-11ea-af23-0242ac110002,std_1594381718340_65,class_20200710-165305_65,9M6R-Ae27,95db7dca-e5b9-4b5d-8d51-64c625afa3d1,efd1aced-bd89-4f5c-9837-0ae3a5232d65,60a41abb-4297-490a-b44a-f96e2a8f29dd,6f7105f0-3740-4d24-b045-ed2a6ef89edc,1658b879-e7a0-4b2d-8d10-fc118effea07,
tch_20200710-165305_59,4e141d1f-c2a3-11ea-96b3-0242ac110002,std_1594381723847_59,class_20200710-165305_59,uGoB-i9Xf,b20987dc-66d4-48fe-9c00-e96dbcfb1301,184ed715-fdfa-47b1-bfbf-97722c273054,2100c2f2-1162-43f4-93ad-a19d7cea98ad,5fdfe11b-9012-4a5a-a690-40ae98467308,aeb0b63d-ca7a-4fd2-8934-02d6a5bb63a7,
tch_20200710-165305_61,4e1d6b0d-c2a3-11ea-96b3-0242ac110002,std_1594381723948_61,class_20200710-165305_61,8Ms3-Zg37,a13c5759-792e-43a5-b2d2-389c842fffad,b56b279f-9710-43c0-8479-7720febafaa4,4c51714b-2d25-4ee1-8d03-2e788aa2e82c,eec9a537-97b7-41c3-9e8b-01ceeb789de6,8a8d4081-350d-4b51-b496-3278a7ab1f25,
tch_20200710-165305_77,4f480858-c2a3-11ea-acee-0242ac110002,std_1594381725926_77,class_20200710-165305_77,VTvH-9Xhi,e9bd7f4e-22d1-4bd9-bbd6-f57c2ff2dc7d,760dc93d-8f32-4126-9cdf-41053983660b,ed5b1377-e8af-40b4-9de9-c47a26975154,e563823b-f8cf-49ff-bd94-fc58b245e68c,91137241-6c18-4a05-80e7-52fe2777a1ab,
tch_20200710-165305_82,4f4fd15f-c2a3-11ea-af23-0242ac110002,std_1594381725676_82,class_20200710-165305_82,cbcL-V3f4,e6bac226-444d-4700-a9eb-dfccdec84136,0ce11734-36be-420a-a15f-a86ead60cec7,885e0ffd-ea47-4262-ab8e-48f50e0deb6c,c17a7071-0b54-4f4a-aa46-0400d43e27f5,387fb081-8962-4dbc-8154-d26282c18589,
tch_20200710-165305_81,5366e012-c2a3-11ea-acee-0242ac110002,std_1594381732824_81,class_20200710-165305_81,bGfB-uTRe,fbf2f096-f1eb-4f92-8682-f8f7466a6ee5,731024c7-240d-4fca-b4db-e0337125d9dc,9062f563-1994-405b-a9c2-e703fbfe737e,d60e96e3-0dba-488f-a932-8c7baee5802c,1bd3aa32-463c-47f1-96e3-b273a5d9258a,
tch_20200710-165305_75,5261cbf5-c2a3-11ea-acee-0242ac110002,std_1594381731122_75,class_20200710-165305_75,7dNR-H6m7,ff87c64b-05e8-4924-b075-308df0e4e83a,e086cf56-a4b1-44c0-9f99-2d85dbebb66f,7984415a-9b95-4ae0-bef1-8a1dd0124943,78a5ebdf-7351-4261-be66-9150dbdf6293,379bc005-6c55-4140-847e-f49b44cfaba3,
tch_20200710-165305_74,51e150cf-c2a3-11ea-af23-0242ac110002,std_1594381730285_74,class_20200710-165305_74,4h73-wd73,6605713c-56e6-44a3-8a47-6c0629bb90d8,ff3d34eb-cc58-491c-bc52-8ab8ac8c2bf1,7b12afab-0411-43b4-becf-0069c4ae3ebb,7353cc62-5a56-4c33-9dec-09bf3c94504b,26140169-7f6d-42d5-86c2-92c2921c976f,
tch_20200710-165305_58,4f7a8a67-c2a3-11ea-af23-0242ac110002,std_1594381726236_58,class_20200710-165305_58,3eAU-m3w8,bfc142e3-1bd7-4e35-bd0d-8c222735e674,334f5abd-3a74-4bf2-aad4-ad1691932720,b6d14f94-885a-42fd-8b77-cdb812960806,0c88f10a-b9e6-4262-b356-57b8e22e632b,4b968926-ef5d-4acf-aab6-5d03cf3ccc92,
tch_20200710-165305_76,530c8a57-c2a3-11ea-af23-0242ac110002,std_1594381732242_76,class_20200710-165305_76,2627-A93L,ed22bdbb-0211-4899-bb01-990ef17deecd,afe78bf0-e43f-4408-973e-306502c147fd,70aaaf85-2a2e-431c-b926-f591338349e3,96c18eaf-1437-4918-bd08-5975217244b7,860da56b-fd87-4b0d-82dc-672eb77555de,
tch_20200710-165305_62,526945d5-c2a3-11ea-96b3-0242ac110002,std_1594381731191_62,class_20200710-165305_62,o6sK-64Pj,a1f64244-e3a4-447e-a72d-a9f9d4b818bd,7fd9b93c-7a32-4ce2-9fb6-f39f75d298da,8f6b7834-0ddf-4b72-a817-c6e32d29b8fa,22443983-fa72-43f8-a505-666245dcda7c,0eff07ba-9049-4d5c-bc59-b69733bf8ac4,
tch_20200710-165305_73,532b5d28-c2a3-11ea-acee-0242ac110002,std_1594381732445_73,class_20200710-165305_73,FcKF-Uptj,8d3a6731-391f-40de-b46c-847e63bd4623,4cc0a81b-d79e-4536-8f20-d64d5f037fae,a92a7fe2-1950-498b-bf60-8dfb206eebc1,d9aa7eb4-ec5b-4119-bafc-b468a39229f8,747beba2-cca1-410b-a25a-1f06c53cf685,
tch_20200710-165305_72,52b4f4c7-c2a3-11ea-89f8-0242ac110002,std_1594381731668_72,class_20200710-165305_72,XqJ3-FmKc,34e770d0-4922-4ba9-a2c1-09ec0bdcae96,875edea8-1c38-41f4-bfcf-524200ae0f03,1f41c443-2592-4f77-8c22-33f2cbd3d295,e294e4fd-9ceb-4c12-a81d-c575d8c2e69d,0540d470-8f49-4727-bd00-70bcbea88b73,
tch_20200710-165305_66,546515f1-c2a3-11ea-96b3-0242ac110002,std_1594381734500_66,class_20200710-165305_66,GfrE-v2X8,b71b832b-b158-4cbe-a022-97f5fc540fe1,4cffd094-3101-494f-9453-c6b25b28515d,56707fb1-4ddf-410c-8247-162ab48abcd6,3aebb21e-0b0b-4dbc-8a53-591123a23c21,ffa01791-91d3-4af7-8ab5-b7859fc8ed1f,
tch_20200710-165305_80,52e8af1e-c2a3-11ea-96b3-0242ac110002,std_1594381732016_80,class_20200710-165305_80,aV4j-THZz,d8f24ddb-d531-4df8-94d5-46f6a3de6aa0,fa0afb60-d2d5-4d65-a310-e0b77c73ac28,cfe10b0a-b080-4634-aa09-fd0a5d673b28,566bb1c1-a037-4867-ad94-fca6de111785,d56f92ea-1d01-4611-858e-4a38e337c246,
tch_20200710-165305_64,55539434-c2a3-11ea-acee-0242ac110002,std_1594381736072_64,class_20200710-165305_64,v9R4-trc3,6753d35d-ed3e-4a5d-a36b-5c5a207c332d,85435209-154d-47db-827e-278ad4d5bd99,6812bd4e-5f2d-469f-b31b-f3bcf1dde519,03d97d6d-bc6a-427c-9c65-f5a0970e737a,ce382e7d-e7f3-4b4d-a294-f3c402253e7e,
tch_20200710-165305_78,56bd1003-c2a3-11ea-89f8-0242ac110002,std_1594381738432_78,class_20200710-165305_78,E98M-vMKi,13fb90fb-ee8c-4d7d-9e02-36ccd7f32ae2,c1115ce5-b7f9-47a5-86a7-c048027df951,4f7acf14-e12a-4146-b74e-4fb50586b019,adf1bc40-4ec2-44f1-909f-78ea125d5179,5c04c29d-777e-414f-abd2-583e74b116e3,
tch_20200710-165305_68,57f4a4d2-c2a3-11ea-89f8-0242ac110002,std_1594381740468_68,class_20200710-165305_68,frC3-923J,88ba7407-3084-466c-8e3c-3824d7e3232a,e6754fea-137e-431e-adc5-4f460ebd17e4,bc08a067-d598-4e29-9287-65273d3525b8,70816637-f412-43ec-8015-ac672f4fb1a6,f4ca5fd4-a33f-44a1-8235-4b975d2e1f23,
tch_20200710-165305_63,5541ba9a-c2a3-11ea-89f8-0242ac110002,std_1594381735934_63,class_20200710-165305_63,AB43-mcac,58b52590-f84a-47cb-b782-786d0edde9a6,12aeed21-017e-406c-b40e-6525aa09b0a3,1477ffc5-b620-4c0b-a4a2-1a672cf3b41d,cfff63ef-3b21-4bf4-989d-8cc885a4461f,6ccffa5b-bd49-4f3a-8ea6-5816513aab39,
tch_20200710-165305_69,59dbdb9e-c2a3-11ea-96b3-0242ac110002,std_1594381743659_69,class_20200710-165305_69,AuJ3-syn7,81325b62-2324-4afc-a542-59108f627220,ad374646-4c35-48c7-9cf5-fa36444cbddc,6be68858-96da-4b0e-b9cf-5f36898dd03c,a96b3fcc-dfaa-496b-8fbf-63debebd970a,b8f57e1f-9ecb-4937-8e56-5222f932efd3,
tch_20200710-165305_79,57add80c-c2a3-11ea-96b3-0242ac110002,std_1594381739999_79,class_20200710-165305_79,4u3g-2Q6c,b59a35bf-2abd-4c26-bba9-a5e78c1dd979,399bf06d-772b-4c6e-bebf-0d3e4cb56f05,b203d5e5-94d3-4ff8-a2e0-71596a30f6cb,886dd65d-f6ca-4a73-88c6-05a58039baaf,29c11558-cf22-4470-b8c7-53a9a504f781,
tch_20200710-165305_67,58a00094-c2a3-11ea-96b3-0242ac110002,std_1594381741558_67,class_20200710-165305_67,fB83-Cx7i,38922d60-f344-4c37-b6f6-17341e70b874,6ca88699-a115-4431-833f-7a2cd11e18bf,1d1807cf-5052-4bed-afb7-dc54ca273ec4,ce167b6d-c9f9-47ce-b7eb-adc1520bf645,742092f1-533b-4131-ba77-305b3e396f9c,
tch_20200710-165305_71,588a07b3-c2a3-11ea-af23-0242ac110002,std_1594381741458_71,class_20200710-165305_71,3Myu-6wFc,d4ac39c9-d851-493e-80b1-701c184eeee1,c474fa58-c198-4f68-9a48-6205b0f6220c,d8e5be2d-5f9e-4401-aa48-3656de183c78,3f62b1a0-0cc8-4dfe-8c36-0ba41d34d876,8fec0bd4-8e91-4462-ae84-f9e9ffa517d9,
tch_20200710-165305_65,59e79b9b-c2a3-11ea-acee-0242ac110002,std_1594381743751_65,class_20200710-165305_65,9M6R-Ae27,95db7dca-e5b9-4b5d-8d51-64c625afa3d1,efd1aced-bd89-4f5c-9837-0ae3a5232d65,60a41abb-4297-490a-b44a-f96e2a8f29dd,6f7105f0-3740-4d24-b045-ed2a6ef89edc,1658b879-e7a0-4b2d-8d10-fc118effea07,
tch_20200710-165305_60,59556e22-c2a3-11ea-89f8-0242ac110002,std_1594381742806_60,class_20200710-165305_60,tvNc-RXiH,5c4ee1f3-7097-423d-85d3-293efada9793,778be11e-75f1-4920-a95f-a5f7b4f2a02d,1dcecf79-5b37-4d4a-807f-88873ee51571,98c281b4-c5a3-42f6-b485-e7ceb319df70,b9ce065a-fec2-4065-9f67-ac1d245f306d,
tch_20200710-165305_70,580bd73d-c2a3-11ea-96b3-0242ac110002,std_1594381740623_70,class_20200710-165305_70,VJGe-9HGv,eb2b4cf9-9b2a-40f8-803c-429cacccea61,cbc5db44-813d-4cd6-b1bf-148e779c3fc6,6524b889-9452-4d19-bee3-0ee68b92fd17,977a4df7-0434-4901-bf63-8a0d9ff8c16a,30fa836d-be81-4f6e-acd6-c821c4d3a96a,
tch_20200710-165305_59,5b9e7309-c2a3-11ea-af23-0242ac110002,std_1594381746614_59,class_20200710-165305_59,uGoB-i9Xf,b20987dc-66d4-48fe-9c00-e96dbcfb1301,184ed715-fdfa-47b1-bfbf-97722c273054,2100c2f2-1162-43f4-93ad-a19d7cea98ad,5fdfe11b-9012-4a5a-a690-40ae98467308,aeb0b63d-ca7a-4fd2-8934-02d6a5bb63a7,
tch_20200710-165305_83,5a48ce9d-c2a3-11ea-89f8-0242ac110002,std_1594381744074_83,class_20200710-165305_83,g49z-qdwv,33cb695b-569b-4d2e-b8f4-525a4c4947ee,e4088881-3ef5-45a3-a465-988e418488e7,18130c2c-c45c-4a87-9bd0-2b781dff95ba,765b90e3-5ccf-4378-8d2d-b956da116903,02703037-dda6-4b4c-a5c8-3ee1f56fec55,
tch_20200710-165305_76,5f57f882-c2a3-11ea-96b3-0242ac110002,std_1594381752885_76,class_20200710-165305_76,2627-A93L,ed22bdbb-0211-4899-bb01-990ef17deecd,afe78bf0-e43f-4408-973e-306502c147fd,70aaaf85-2a2e-431c-b926-f591338349e3,96c18eaf-1437-4918-bd08-5975217244b7,860da56b-fd87-4b0d-82dc-672eb77555de,
tch_20200710-165305_61,5cd51e83-c2a3-11ea-acee-0242ac110002,std_1594381748625_61,class_20200710-165305_61,8Ms3-Zg37,a13c5759-792e-43a5-b2d2-389c842fffad,b56b279f-9710-43c0-8479-7720febafaa4,4c51714b-2d25-4ee1-8d03-2e788aa2e82c,eec9a537-97b7-41c3-9e8b-01ceeb789de6,8a8d4081-350d-4b51-b496-3278a7ab1f25,
tch_20200710-165305_82,5db2fb38-c2a3-11ea-acee-0242ac110002,std_1594381750084_82,class_20200710-165305_82,cbcL-V3f4,e6bac226-444d-4700-a9eb-dfccdec84136,0ce11734-36be-420a-a15f-a86ead60cec7,885e0ffd-ea47-4262-ab8e-48f50e0deb6c,c17a7071-0b54-4f4a-aa46-0400d43e27f5,387fb081-8962-4dbc-8154-d26282c18589,
tch_20200710-165305_74,5ebaa78e-c2a3-11ea-acee-0242ac110002,std_1594381751709_74,class_20200710-165305_74,4h73-wd73,6605713c-56e6-44a3-8a47-6c0629bb90d8,ff3d34eb-cc58-491c-bc52-8ab8ac8c2bf1,7b12afab-0411-43b4-becf-0069c4ae3ebb,7353cc62-5a56-4c33-9dec-09bf3c94504b,26140169-7f6d-42d5-86c2-92c2921c976f,
tch_20200710-165305_73,5f9528f6-c2a3-11ea-96b3-0242ac110002,std_1594381753289_73,class_20200710-165305_73,FcKF-Uptj,8d3a6731-391f-40de-b46c-847e63bd4623,4cc0a81b-d79e-4536-8f20-d64d5f037fae,a92a7fe2-1950-498b-bf60-8dfb206eebc1,d9aa7eb4-ec5b-4119-bafc-b468a39229f8,747beba2-cca1-410b-a25a-1f06c53cf685,
tch_20200710-165305_77,5d38e916-c2a3-11ea-af23-0242ac110002,std_1594381749318_77,class_20200710-165305_77,VTvH-9Xhi,e9bd7f4e-22d1-4bd9-bbd6-f57c2ff2dc7d,760dc93d-8f32-4126-9cdf-41053983660b,ed5b1377-e8af-40b4-9de9-c47a26975154,e563823b-f8cf-49ff-bd94-fc58b245e68c,91137241-6c18-4a05-80e7-52fe2777a1ab,
tch_20200710-165305_81,5e515e6c-c2a3-11ea-96b3-0242ac110002,std_1594381751142_81,class_20200710-165305_81,bGfB-uTRe,fbf2f096-f1eb-4f92-8682-f8f7466a6ee5,731024c7-240d-4fca-b4db-e0337125d9dc,9062f563-1994-405b-a9c2-e703fbfe737e,d60e96e3-0dba-488f-a932-8c7baee5802c,1bd3aa32-463c-47f1-96e3-b273a5d9258a,
tch_20200710-165305_62,5f8b6591-c2a3-11ea-89f8-0242ac110002,std_1594381753190_62,class_20200710-165305_62,o6sK-64Pj,a1f64244-e3a4-447e-a72d-a9f9d4b818bd,7fd9b93c-7a32-4ce2-9fb6-f39f75d298da,8f6b7834-0ddf-4b72-a817-c6e32d29b8fa,22443983-fa72-43f8-a505-666245dcda7c,0eff07ba-9049-4d5c-bc59-b69733bf8ac4,
tch_20200710-165305_72,6005c4e8-c2a3-11ea-96b3-0242ac110002,std_1594381754021_72,class_20200710-165305_72,XqJ3-FmKc,34e770d0-4922-4ba9-a2c1-09ec0bdcae96,875edea8-1c38-41f4-bfcf-524200ae0f03,1f41c443-2592-4f77-8c22-33f2cbd3d295,e294e4fd-9ceb-4c12-a81d-c575d8c2e69d,0540d470-8f49-4727-bd00-70bcbea88b73,
tch_20200710-165305_75,5e7d0211-c2a3-11ea-89f8-0242ac110002,std_1594381751423_75,class_20200710-165305_75,7dNR-H6m7,ff87c64b-05e8-4924-b075-308df0e4e83a,e086cf56-a4b1-44c0-9f99-2d85dbebb66f,7984415a-9b95-4ae0-bef1-8a1dd0124943,78a5ebdf-7351-4261-be66-9150dbdf6293,379bc005-6c55-4140-847e-f49b44cfaba3,
tch_20200710-165305_64,6249e940-c2a3-11ea-acee-0242ac110002,std_1594381757787_64,class_20200710-165305_64,v9R4-trc3,6753d35d-ed3e-4a5d-a36b-5c5a207c332d,85435209-154d-47db-827e-278ad4d5bd99,6812bd4e-5f2d-469f-b31b-f3bcf1dde519,03d97d6d-bc6a-427c-9c65-f5a0970e737a,ce382e7d-e7f3-4b4d-a294-f3c402253e7e,
tch_20200710-165305_80,6223275f-c2a3-11ea-89f8-0242ac110002,std_1594381757558_80,class_20200710-165305_80,aV4j-THZz,d8f24ddb-d531-4df8-94d5-46f6a3de6aa0,fa0afb60-d2d5-4d65-a310-e0b77c73ac28,cfe10b0a-b080-4634-aa09-fd0a5d673b28,566bb1c1-a037-4867-ad94-fca6de111785,d56f92ea-1d01-4611-858e-4a38e337c246,
tch_20200710-165305_78,630dadb7-c2a3-11ea-96b3-0242ac110002,std_1594381759089_78,class_20200710-165305_78,E98M-vMKi,13fb90fb-ee8c-4d7d-9e02-36ccd7f32ae2,c1115ce5-b7f9-47a5-86a7-c048027df951,4f7acf14-e12a-4146-b74e-4fb50586b019,adf1bc40-4ec2-44f1-909f-78ea125d5179,5c04c29d-777e-414f-abd2-583e74b116e3,
tch_20200710-165305_66,6128e810-c2a3-11ea-acee-0242ac110002,std_1594381755923_66,class_20200710-165305_66,GfrE-v2X8,b71b832b-b158-4cbe-a022-97f5fc540fe1,4cffd094-3101-494f-9453-c6b25b28515d,56707fb1-4ddf-410c-8247-162ab48abcd6,3aebb21e-0b0b-4dbc-8a53-591123a23c21,ffa01791-91d3-4af7-8ab5-b7859fc8ed1f,
tch_20200710-165305_69,64a31b1b-c2a3-11ea-96b3-0242ac110002,std_1594381761740_69,class_20200710-165305_69,AuJ3-syn7,81325b62-2324-4afc-a542-59108f627220,ad374646-4c35-48c7-9cf5-fa36444cbddc,6be68858-96da-4b0e-b9cf-5f36898dd03c,a96b3fcc-dfaa-496b-8fbf-63debebd970a,b8f57e1f-9ecb-4937-8e56-5222f932efd3,
tch_20200710-165305_63,63d061e6-c2a3-11ea-89f8-0242ac110002,std_1594381760367_63,class_20200710-165305_63,AB43-mcac,58b52590-f84a-47cb-b782-786d0edde9a6,12aeed21-017e-406c-b40e-6525aa09b0a3,1477ffc5-b620-4c0b-a4a2-1a672cf3b41d,cfff63ef-3b21-4bf4-989d-8cc885a4461f,6ccffa5b-bd49-4f3a-8ea6-5816513aab39,
tch_20200710-165305_67,654cefbf-c2a3-11ea-af23-0242ac110002,std_1594381762858_67,class_20200710-165305_67,fB83-Cx7i,38922d60-f344-4c37-b6f6-17341e70b874,6ca88699-a115-4431-833f-7a2cd11e18bf,1d1807cf-5052-4bed-afb7-dc54ca273ec4,ce167b6d-c9f9-47ce-b7eb-adc1520bf645,742092f1-533b-4131-ba77-305b3e396f9c,
tch_20200710-165305_70,67a05563-c2a3-11ea-af23-0242ac110002,std_1594381766741_70,class_20200710-165305_70,VJGe-9HGv,eb2b4cf9-9b2a-40f8-803c-429cacccea61,cbc5db44-813d-4cd6-b1bf-148e779c3fc6,6524b889-9452-4d19-bee3-0ee68b92fd17,977a4df7-0434-4901-bf63-8a0d9ff8c16a,30fa836d-be81-4f6e-acd6-c821c4d3a96a,
tch_20200710-165305_68,634d283d-c2a3-11ea-af23-0242ac110002,std_1594381759524_68,class_20200710-165305_68,frC3-923J,88ba7407-3084-466c-8e3c-3824d7e3232a,e6754fea-137e-431e-adc5-4f460ebd17e4,bc08a067-d598-4e29-9287-65273d3525b8,70816637-f412-43ec-8015-ac672f4fb1a6,f4ca5fd4-a33f-44a1-8235-4b975d2e1f23,
tch_20200710-165305_71,65d1d713-c2a3-11ea-89f8-0242ac110002,std_1594381763727_71,class_20200710-165305_71,3Myu-6wFc,d4ac39c9-d851-493e-80b1-701c184eeee1,c474fa58-c198-4f68-9a48-6205b0f6220c,d8e5be2d-5f9e-4401-aa48-3656de183c78,3f62b1a0-0cc8-4dfe-8c36-0ba41d34d876,8fec0bd4-8e91-4462-ae84-f9e9ffa517d9,
tch_20200710-165305_84,65ccf4dc-c2a3-11ea-acee-0242ac110002,std_1594381763423_84,class_20200710-165305_84,7F6x-RhY7,c644309e-b41a-4360-8093-54d0fb93d28b,04942e49-89a0-4f5d-9b39-1f84e13d4a70,82b6b1e3-d4b6-4673-9eef-736a905156c2,63593b04-d0bc-4d2b-ac56-f936547f0195,f2e8a383-10a4-4dfb-8682-7068530ceda7,
tch_20200710-165305_60,67168be0-c2a3-11ea-acee-0242ac110002,std_1594381765853_60,class_20200710-165305_60,tvNc-RXiH,5c4ee1f3-7097-423d-85d3-293efada9793,778be11e-75f1-4920-a95f-a5f7b4f2a02d,1dcecf79-5b37-4d4a-807f-88873ee51571,98c281b4-c5a3-42f6-b485-e7ceb319df70,b9ce065a-fec2-4065-9f67-ac1d245f306d,
tch_20200710-165305_79,64bc960c-c2a3-11ea-acee-0242ac110002,std_1594381761856_79,class_20200710-165305_79,4u3g-2Q6c,b59a35bf-2abd-4c26-bba9-a5e78c1dd979,399bf06d-772b-4c6e-bebf-0d3e4cb56f05,b203d5e5-94d3-4ff8-a2e0-71596a30f6cb,886dd65d-f6ca-4a73-88c6-05a58039baaf,29c11558-cf22-4470-b8c7-53a9a504f781,
tch_20200710-165305_65,668ee5b6-c2a3-11ea-acee-0242ac110002,std_1594381764967_65,class_20200710-165305_65,9M6R-Ae27,95db7dca-e5b9-4b5d-8d51-64c625afa3d1,efd1aced-bd89-4f5c-9837-0ae3a5232d65,60a41abb-4297-490a-b44a-f96e2a8f29dd,6f7105f0-3740-4d24-b045-ed2a6ef89edc,1658b879-e7a0-4b2d-8d10-fc118effea07,
tch_20200710-165305_83,6968441c-c2a3-11ea-acee-0242ac110002,std_1594381769742_83,class_20200710-165305_83,g49z-qdwv,33cb695b-569b-4d2e-b8f4-525a4c4947ee,e4088881-3ef5-45a3-a465-988e418488e7,18130c2c-c45c-4a87-9bd0-2b781dff95ba,765b90e3-5ccf-4378-8d2d-b956da116903,02703037-dda6-4b4c-a5c8-3ee1f56fec55,
tch_20200710-165305_82,6b0f3d0c-c2a3-11ea-96b3-0242ac110002,std_1594381772519_82,class_20200710-165305_82,cbcL-V3f4,e6bac226-444d-4700-a9eb-dfccdec84136,0ce11734-36be-420a-a15f-a86ead60cec7,885e0ffd-ea47-4262-ab8e-48f50e0deb6c,c17a7071-0b54-4f4a-aa46-0400d43e27f5,387fb081-8962-4dbc-8154-d26282c18589,
tch_20200710-165305_74,6b2c3b22-c2a3-11ea-89f8-0242ac110002,std_1594381772701_74,class_20200710-165305_74,4h73-wd73,6605713c-56e6-44a3-8a47-6c0629bb90d8,ff3d34eb-cc58-491c-bc52-8ab8ac8c2bf1,7b12afab-0411-43b4-becf-0069c4ae3ebb,7353cc62-5a56-4c33-9dec-09bf3c94504b,26140169-7f6d-42d5-86c2-92c2921c976f,
tch_20200710-165305_61,6a4cb12e-c2a3-11ea-af23-0242ac110002,std_1594381771245_61,class_20200710-165305_61,8Ms3-Zg37,a13c5759-792e-43a5-b2d2-389c842fffad,b56b279f-9710-43c0-8479-7720febafaa4,4c51714b-2d25-4ee1-8d03-2e788aa2e82c,eec9a537-97b7-41c3-9e8b-01ceeb789de6,8a8d4081-350d-4b51-b496-3278a7ab1f25,
tch_20200710-165305_76,6a1944d5-c2a3-11ea-89f8-0242ac110002,std_1594381770888_76,class_20200710-165305_76,2627-A93L,ed22bdbb-0211-4899-bb01-990ef17deecd,afe78bf0-e43f-4408-973e-306502c147fd,70aaaf85-2a2e-431c-b926-f591338349e3,96c18eaf-1437-4918-bd08-5975217244b7,860da56b-fd87-4b0d-82dc-672eb77555de,
tch_20200710-165305_77,6ba16be0-c2a3-11ea-96b3-0242ac110002,std_1594381773492_77,class_20200710-165305_77,VTvH-9Xhi,e9bd7f4e-22d1-4bd9-bbd6-f57c2ff2dc7d,760dc93d-8f32-4126-9cdf-41053983660b,ed5b1377-e8af-40b4-9de9-c47a26975154,e563823b-f8cf-49ff-bd94-fc58b245e68c,91137241-6c18-4a05-80e7-52fe2777a1ab,
tch_20200710-165305_62,6c367f32-c2a3-11ea-96b3-0242ac110002,std_1594381774459_62,class_20200710-165305_62,o6sK-64Pj,a1f64244-e3a4-447e-a72d-a9f9d4b818bd,7fd9b93c-7a32-4ce2-9fb6-f39f75d298da,8f6b7834-0ddf-4b72-a817-c6e32d29b8fa,22443983-fa72-43f8-a505-666245dcda7c,0eff07ba-9049-4d5c-bc59-b69733bf8ac4,
tch_20200710-165305_81,6bca9e4f-c2a3-11ea-96b3-0242ac110002,std_1594381773763_81,class_20200710-165305_81,bGfB-uTRe,fbf2f096-f1eb-4f92-8682-f8f7466a6ee5,731024c7-240d-4fca-b4db-e0337125d9dc,9062f563-1994-405b-a9c2-e703fbfe737e,d60e96e3-0dba-488f-a932-8c7baee5802c,1bd3aa32-463c-47f1-96e3-b273a5d9258a,
tch_20200710-165305_73,6b97a7bd-c2a3-11ea-96b3-0242ac110002,std_1594381773409_73,class_20200710-165305_73,FcKF-Uptj,8d3a6731-391f-40de-b46c-847e63bd4623,4cc0a81b-d79e-4536-8f20-d64d5f037fae,a92a7fe2-1950-498b-bf60-8dfb206eebc1,d9aa7eb4-ec5b-4119-bafc-b468a39229f8,747beba2-cca1-410b-a25a-1f06c53cf685,
tch_20200710-165305_72,6c5e527a-c2a3-11ea-89f8-0242ac110002,std_1594381774686_72,class_20200710-165305_72,XqJ3-FmKc,34e770d0-4922-4ba9-a2c1-09ec0bdcae96,875edea8-1c38-41f4-bfcf-524200ae0f03,1f41c443-2592-4f77-8c22-33f2cbd3d295,e294e4fd-9ceb-4c12-a81d-c575d8c2e69d,0540d470-8f49-4727-bd00-70bcbea88b73,
tch_20200710-165305_75,6e370a08-c2a3-11ea-89f8-0242ac110002,std_1594381777814_75,class_20200710-165305_75,7dNR-H6m7,ff87c64b-05e8-4924-b075-308df0e4e83a,e086cf56-a4b1-44c0-9f99-2d85dbebb66f,7984415a-9b95-4ae0-bef1-8a1dd0124943,78a5ebdf-7351-4261-be66-9150dbdf6293,379bc005-6c55-4140-847e-f49b44cfaba3,
tch_20200710-165305_64,6f20f551-c2a3-11ea-89f8-0242ac110002,std_1594381779351_64,class_20200710-165305_64,v9R4-trc3,6753d35d-ed3e-4a5d-a36b-5c5a207c332d,85435209-154d-47db-827e-278ad4d5bd99,6812bd4e-5f2d-469f-b31b-f3bcf1dde519,03d97d6d-bc6a-427c-9c65-f5a0970e737a,ce382e7d-e7f3-4b4d-a294-f3c402253e7e,
tch_20200710-165305_66,6fc28c63-c2a3-11ea-acee-0242ac110002,std_1594381780380_66,class_20200710-165305_66,GfrE-v2X8,b71b832b-b158-4cbe-a022-97f5fc540fe1,4cffd094-3101-494f-9453-c6b25b28515d,56707fb1-4ddf-410c-8247-162ab48abcd6,3aebb21e-0b0b-4dbc-8a53-591123a23c21,ffa01791-91d3-4af7-8ab5-b7859fc8ed1f,
tch_20200710-165305_69,701f7907-c2a3-11ea-af23-0242ac110002,std_1594381780974_69,class_20200710-165305_69,AuJ3-syn7,81325b62-2324-4afc-a542-59108f627220,ad374646-4c35-48c7-9cf5-fa36444cbddc,6be68858-96da-4b0e-b9cf-5f36898dd03c,a96b3fcc-dfaa-496b-8fbf-63debebd970a,b8f57e1f-9ecb-4937-8e56-5222f932efd3,
tch_20200710-165305_78,6fbbae9d-c2a3-11ea-89f8-0242ac110002,std_1594381780369_78,class_20200710-165305_78,E98M-vMKi,13fb90fb-ee8c-4d7d-9e02-36ccd7f32ae2,c1115ce5-b7f9-47a5-86a7-c048027df951,4f7acf14-e12a-4146-b74e-4fb50586b019,adf1bc40-4ec2-44f1-909f-78ea125d5179,5c04c29d-777e-414f-abd2-583e74b116e3,
tch_20200710-165305_80,6f2f4d50-c2a3-11ea-acee-0242ac110002,std_1594381779455_80,class_20200710-165305_80,aV4j-THZz,d8f24ddb-d531-4df8-94d5-46f6a3de6aa0,fa0afb60-d2d5-4d65-a310-e0b77c73ac28,cfe10b0a-b080-4634-aa09-fd0a5d673b28,566bb1c1-a037-4867-ad94-fca6de111785,d56f92ea-1d01-4611-858e-4a38e337c246,
tch_20200710-165305_63,705a86e7-c2a3-11ea-89f8-0242ac110002,std_1594381781404_63,class_20200710-165305_63,AB43-mcac,58b52590-f84a-47cb-b782-786d0edde9a6,12aeed21-017e-406c-b40e-6525aa09b0a3,1477ffc5-b620-4c0b-a4a2-1a672cf3b41d,cfff63ef-3b21-4bf4-989d-8cc885a4461f,6ccffa5b-bd49-4f3a-8ea6-5816513aab39,
tch_20200710-165305_67,72a22d03-c2a3-11ea-96b3-0242ac110002,std_1594381785239_67,class_20200710-165305_67,fB83-Cx7i,38922d60-f344-4c37-b6f6-17341e70b874,6ca88699-a115-4431-833f-7a2cd11e18bf,1d1807cf-5052-4bed-afb7-dc54ca273ec4,ce167b6d-c9f9-47ce-b7eb-adc1520bf645,742092f1-533b-4131-ba77-305b3e396f9c,
tch_20200710-165305_70,72a672b0-c2a3-11ea-89f8-0242ac110002,std_1594381785251_70,class_20200710-165305_70,VJGe-9HGv,eb2b4cf9-9b2a-40f8-803c-429cacccea61,cbc5db44-813d-4cd6-b1bf-148e779c3fc6,6524b889-9452-4d19-bee3-0ee68b92fd17,977a4df7-0434-4901-bf63-8a0d9ff8c16a,30fa836d-be81-4f6e-acd6-c821c4d3a96a,
tch_20200710-165305_71,72c4cf9f-c2a3-11ea-96b3-0242ac110002,std_1594381785435_71,class_20200710-165305_71,3Myu-6wFc,d4ac39c9-d851-493e-80b1-701c184eeee1,c474fa58-c198-4f68-9a48-6205b0f6220c,d8e5be2d-5f9e-4401-aa48-3656de183c78,3f62b1a0-0cc8-4dfe-8c36-0ba41d34d876,8fec0bd4-8e91-4462-ae84-f9e9ffa517d9,
tch_20200710-165305_84,72f221a0-c2a3-11ea-89f8-0242ac110002,std_1594381785741_84,class_20200710-165305_84,7F6x-RhY7,c644309e-b41a-4360-8093-54d0fb93d28b,04942e49-89a0-4f5d-9b39-1f84e13d4a70,82b6b1e3-d4b6-4673-9eef-736a905156c2,63593b04-d0bc-4d2b-ac56-f936547f0195,f2e8a383-10a4-4dfb-8682-7068530ceda7,
tch_20200710-165305_68,72c3e51d-c2a3-11ea-acee-0242ac110002,std_1594381785392_68,class_20200710-165305_68,frC3-923J,88ba7407-3084-466c-8e3c-3824d7e3232a,e6754fea-137e-431e-adc5-4f460ebd17e4,bc08a067-d598-4e29-9287-65273d3525b8,70816637-f412-43ec-8015-ac672f4fb1a6,f4ca5fd4-a33f-44a1-8235-4b975d2e1f23,
tch_20200710-165305_83,768c8630-c2a3-11ea-acee-0242ac110002,std_1594381791804_83,class_20200710-165305_83,g49z-qdwv,33cb695b-569b-4d2e-b8f4-525a4c4947ee,e4088881-3ef5-45a3-a465-988e418488e7,18130c2c-c45c-4a87-9bd0-2b781dff95ba,765b90e3-5ccf-4378-8d2d-b956da116903,02703037-dda6-4b4c-a5c8-3ee1f56fec55,
tch_20200710-165305_85,7530a021-c2a3-11ea-af23-0242ac110002,std_1594381789161_85,class_20200710-165305_85,qZz9-rihD,01de1cca-e69c-4a96-95ac-27803c40669e,01624a46-e815-456a-a972-fd56987f6c9c,5121933c-a509-45d3-bb01-e211c96c30e6,e998e11e-914c-4e8d-8ad8-9c94bfde197d,131d82d2-9c4a-46e8-8d90-71fef6727621,
tch_20200710-165305_79,75163999-c2a3-11ea-89f8-0242ac110002,std_1594381789320_79,class_20200710-165305_79,4u3g-2Q6c,b59a35bf-2abd-4c26-bba9-a5e78c1dd979,399bf06d-772b-4c6e-bebf-0d3e4cb56f05,b203d5e5-94d3-4ff8-a2e0-71596a30f6cb,886dd65d-f6ca-4a73-88c6-05a58039baaf,29c11558-cf22-4470-b8c7-53a9a504f781,
tch_20200710-165305_61,78379df7-c2a3-11ea-acee-0242ac110002,std_1594381794601_61,class_20200710-165305_61,8Ms3-Zg37,a13c5759-792e-43a5-b2d2-389c842fffad,b56b279f-9710-43c0-8479-7720febafaa4,4c51714b-2d25-4ee1-8d03-2e788aa2e82c,eec9a537-97b7-41c3-9e8b-01ceeb789de6,8a8d4081-350d-4b51-b496-3278a7ab1f25,
tch_20200710-165305_74,77fd2d06-c2a3-11ea-af23-0242ac110002,std_1594381794204_74,class_20200710-165305_74,4h73-wd73,6605713c-56e6-44a3-8a47-6c0629bb90d8,ff3d34eb-cc58-491c-bc52-8ab8ac8c2bf1,7b12afab-0411-43b4-becf-0069c4ae3ebb,7353cc62-5a56-4c33-9dec-09bf3c94504b,26140169-7f6d-42d5-86c2-92c2921c976f,
tch_20200710-165305_62,78f150ea-c2a3-11ea-89f8-0242ac110002,std_1594381795818_62,class_20200710-165305_62,o6sK-64Pj,a1f64244-e3a4-447e-a72d-a9f9d4b818bd,7fd9b93c-7a32-4ce2-9fb6-f39f75d298da,8f6b7834-0ddf-4b72-a817-c6e32d29b8fa,22443983-fa72-43f8-a505-666245dcda7c,0eff07ba-9049-4d5c-bc59-b69733bf8ac4,
tch_20200710-165305_86,77f90e49-c2a3-11ea-96b3-0242ac110002,std_1594381793917_86,class_20200710-165305_86,u63e-Gi9s,901044aa-947c-4639-a749-e7b5aee3fb32,7e774dc8-6167-45e8-86db-575f35972df8,ba595de8-0f6d-4da6-bb08-7b94cfbf4460,222db709-410a-48d2-882a-f223e5bf22dd,c930cc8b-c335-469b-aaa7-a42b3975cac5,
tch_20200710-165305_65,75bc3e6e-c2a3-11ea-acee-0242ac110002,std_1594381790432_65,class_20200710-165305_65,9M6R-Ae27,95db7dca-e5b9-4b5d-8d51-64c625afa3d1,efd1aced-bd89-4f5c-9837-0ae3a5232d65,60a41abb-4297-490a-b44a-f96e2a8f29dd,6f7105f0-3740-4d24-b045-ed2a6ef89edc,1658b879-e7a0-4b2d-8d10-fc118effea07,
tch_20200710-165305_76,786516ee-c2a3-11ea-acee-0242ac110002,std_1594381794900_76,class_20200710-165305_76,2627-A93L,ed22bdbb-0211-4899-bb01-990ef17deecd,afe78bf0-e43f-4408-973e-306502c147fd,70aaaf85-2a2e-431c-b926-f591338349e3,96c18eaf-1437-4918-bd08-5975217244b7,860da56b-fd87-4b0d-82dc-672eb77555de,
tch_20200710-165305_81,797e2832-c2a3-11ea-96b3-0242ac110002,std_1594381796740_81,class_20200710-165305_81,bGfB-uTRe,fbf2f096-f1eb-4f92-8682-f8f7466a6ee5,731024c7-240d-4fca-b4db-e0337125d9dc,9062f563-1994-405b-a9c2-e703fbfe737e,d60e96e3-0dba-488f-a932-8c7baee5802c,1bd3aa32-463c-47f1-96e3-b273a5d9258a,
tch_20200710-165305_82,77e64a50-c2a3-11ea-af23-0242ac110002,std_1594381794069_82,class_20200710-165305_82,cbcL-V3f4,e6bac226-444d-4700-a9eb-dfccdec84136,0ce11734-36be-420a-a15f-a86ead60cec7,885e0ffd-ea47-4262-ab8e-48f50e0deb6c,c17a7071-0b54-4f4a-aa46-0400d43e27f5,387fb081-8962-4dbc-8154-d26282c18589,
tch_20200710-165305_77,78c92f96-c2a3-11ea-acee-0242ac110002,std_1594381795571_77,class_20200710-165305_77,VTvH-9Xhi,e9bd7f4e-22d1-4bd9-bbd6-f57c2ff2dc7d,760dc93d-8f32-4126-9cdf-41053983660b,ed5b1377-e8af-40b4-9de9-c47a26975154,e563823b-f8cf-49ff-bd94-fc58b245e68c,91137241-6c18-4a05-80e7-52fe2777a1ab,
tch_20200710-165305_73,7994e431-c2a3-11ea-acee-0242ac110002,std_1594381796884_73,class_20200710-165305_73,FcKF-Uptj,8d3a6731-391f-40de-b46c-847e63bd4623,4cc0a81b-d79e-4536-8f20-d64d5f037fae,a92a7fe2-1950-498b-bf60-8dfb206eebc1,d9aa7eb4-ec5b-4119-bafc-b468a39229f8,747beba2-cca1-410b-a25a-1f06c53cf685,
tch_20200710-165305_72,79d82e76-c2a3-11ea-af23-0242ac110002,std_1594381797345_72,class_20200710-165305_72,XqJ3-FmKc,34e770d0-4922-4ba9-a2c1-09ec0bdcae96,875edea8-1c38-41f4-bfcf-524200ae0f03,1f41c443-2592-4f77-8c22-33f2cbd3d295,e294e4fd-9ceb-4c12-a81d-c575d8c2e69d,0540d470-8f49-4727-bd00-70bcbea88b73,
tch_20200710-165305_64,7c948fa8-c2a3-11ea-acee-0242ac110002,std_1594381801919_64,class_20200710-165305_64,v9R4-trc3,6753d35d-ed3e-4a5d-a36b-5c5a207c332d,85435209-154d-47db-827e-278ad4d5bd99,6812bd4e-5f2d-469f-b31b-f3bcf1dde519,03d97d6d-bc6a-427c-9c65-f5a0970e737a,ce382e7d-e7f3-4b4d-a294-f3c402253e7e,
tch_20200710-165305_75,7c74ab8d-c2a3-11ea-af23-0242ac110002,std_1594381801714_75,class_20200710-165305_75,7dNR-H6m7,ff87c64b-05e8-4924-b075-308df0e4e83a,e086cf56-a4b1-44c0-9f99-2d85dbebb66f,7984415a-9b95-4ae0-bef1-8a1dd0124943,78a5ebdf-7351-4261-be66-9150dbdf6293,379bc005-6c55-4140-847e-f49b44cfaba3,
tch_20200710-165305_80,7d6a5660-c2a3-11ea-96b3-0242ac110002,std_1594381803299_80,class_20200710-165305_80,aV4j-THZz,d8f24ddb-d531-4df8-94d5-46f6a3de6aa0,fa0afb60-d2d5-4d65-a310-e0b77c73ac28,cfe10b0a-b080-4634-aa09-fd0a5d673b28,566bb1c1-a037-4867-ad94-fca6de111785,d56f92ea-1d01-4611-858e-4a38e337c246,
tch_20200710-165305_78,7d338e79-c2a3-11ea-96b3-0242ac110002,std_1594381802902_78,class_20200710-165305_78,E98M-vMKi,13fb90fb-ee8c-4d7d-9e02-36ccd7f32ae2,c1115ce5-b7f9-47a5-86a7-c048027df951,4f7acf14-e12a-4146-b74e-4fb50586b019,adf1bc40-4ec2-44f1-909f-78ea125d5179,5c04c29d-777e-414f-abd2-583e74b116e3,
tch_20200710-165305_69,7d066486-c2a3-11ea-96b3-0242ac110002,std_1594381802622_69,class_20200710-165305_69,AuJ3-syn7,81325b62-2324-4afc-a542-59108f627220,ad374646-4c35-48c7-9cf5-fa36444cbddc,6be68858-96da-4b0e-b9cf-5f36898dd03c,a96b3fcc-dfaa-496b-8fbf-63debebd970a,b8f57e1f-9ecb-4937-8e56-5222f932efd3,
tch_20200710-165305_63,7dda2f40-c2a3-11ea-89f8-0242ac110002,std_1594381804052_63,class_20200710-165305_63,AB43-mcac,58b52590-f84a-47cb-b782-786d0edde9a6,12aeed21-017e-406c-b40e-6525aa09b0a3,1477ffc5-b620-4c0b-a4a2-1a672cf3b41d,cfff63ef-3b21-4bf4-989d-8cc885a4461f,6ccffa5b-bd49-4f3a-8ea6-5816513aab39,
tch_20200710-165305_66,7cf6faef-c2a3-11ea-89f8-0242ac110002,std_1594381802487_66,class_20200710-165305_66,GfrE-v2X8,b71b832b-b158-4cbe-a022-97f5fc540fe1,4cffd094-3101-494f-9453-c6b25b28515d,56707fb1-4ddf-410c-8247-162ab48abcd6,3aebb21e-0b0b-4dbc-8a53-591123a23c21,ffa01791-91d3-4af7-8ab5-b7859fc8ed1f,
tch_20200710-165305_83,8289d422-c2a3-11ea-96b3-0242ac110002,std_1594381811918_83,class_20200710-165305_83,g49z-qdwv,33cb695b-569b-4d2e-b8f4-525a4c4947ee,e4088881-3ef5-45a3-a465-988e418488e7,18130c2c-c45c-4a87-9bd0-2b781dff95ba,765b90e3-5ccf-4378-8d2d-b956da116903,02703037-dda6-4b4c-a5c8-3ee1f56fec55,
tch_20200710-165305_70,8078327f-c2a3-11ea-89f8-0242ac110002,std_1594381808440_70,class_20200710-165305_70,VJGe-9HGv,eb2b4cf9-9b2a-40f8-803c-429cacccea61,cbc5db44-813d-4cd6-b1bf-148e779c3fc6,6524b889-9452-4d19-bee3-0ee68b92fd17,977a4df7-0434-4901-bf63-8a0d9ff8c16a,30fa836d-be81-4f6e-acd6-c821c4d3a96a,
tch_20200710-165305_67,805cbaf3-c2a3-11ea-96b3-0242ac110002,std_1594381808271_67,class_20200710-165305_67,fB83-Cx7i,38922d60-f344-4c37-b6f6-17341e70b874,6ca88699-a115-4431-833f-7a2cd11e18bf,1d1807cf-5052-4bed-afb7-dc54ca273ec4,ce167b6d-c9f9-47ce-b7eb-adc1520bf645,742092f1-533b-4131-ba77-305b3e396f9c,
tch_20200710-165305_84,811cd71f-c2a3-11ea-acee-0242ac110002,std_1594381809490_84,class_20200710-165305_84,7F6x-RhY7,c644309e-b41a-4360-8093-54d0fb93d28b,04942e49-89a0-4f5d-9b39-1f84e13d4a70,82b6b1e3-d4b6-4673-9eef-736a905156c2,63593b04-d0bc-4d2b-ac56-f936547f0195,f2e8a383-10a4-4dfb-8682-7068530ceda7,
tch_20200710-165305_68,825ca9f8-c2a3-11ea-af23-0242ac110002,std_1594381811628_68,class_20200710-165305_68,frC3-923J,88ba7407-3084-466c-8e3c-3824d7e3232a,e6754fea-137e-431e-adc5-4f460ebd17e4,bc08a067-d598-4e29-9287-65273d3525b8,70816637-f412-43ec-8015-ac672f4fb1a6,f4ca5fd4-a33f-44a1-8235-4b975d2e1f23,
tch_20200710-165305_71,80a890e7-c2a3-11ea-acee-0242ac110002,std_1594381808763_71,class_20200710-165305_71,3Myu-6wFc,d4ac39c9-d851-493e-80b1-701c184eeee1,c474fa58-c198-4f68-9a48-6205b0f6220c,d8e5be2d-5f9e-4401-aa48-3656de183c78,3f62b1a0-0cc8-4dfe-8c36-0ba41d34d876,8fec0bd4-8e91-4462-ae84-f9e9ffa517d9,
tch_20200710-165305_79,8343d528-c2a3-11ea-af23-0242ac110002,std_1594381813133_79,class_20200710-165305_79,4u3g-2Q6c,b59a35bf-2abd-4c26-bba9-a5e78c1dd979,399bf06d-772b-4c6e-bebf-0d3e4cb56f05,b203d5e5-94d3-4ff8-a2e0-71596a30f6cb,886dd65d-f6ca-4a73-88c6-05a58039baaf,29c11558-cf22-4470-b8c7-53a9a504f781,
tch_20200710-165305_74,84824957-c2a3-11ea-96b3-0242ac110002,std_1594381815192_74,class_20200710-165305_74,4h73-wd73,6605713c-56e6-44a3-8a47-6c0629bb90d8,ff3d34eb-cc58-491c-bc52-8ab8ac8c2bf1,7b12afab-0411-43b4-becf-0069c4ae3ebb,7353cc62-5a56-4c33-9dec-09bf3c94504b,26140169-7f6d-42d5-86c2-92c2921c976f,
tch_20200710-165305_85,82be794f-c2a3-11ea-89f8-0242ac110002,std_1594381812267_85,class_20200710-165305_85,qZz9-rihD,01de1cca-e69c-4a96-95ac-27803c40669e,01624a46-e815-456a-a972-fd56987f6c9c,5121933c-a509-45d3-bb01-e211c96c30e6,e998e11e-914c-4e8d-8ad8-9c94bfde197d,131d82d2-9c4a-46e8-8d90-71fef6727621,
tch_20200710-165305_86,84ca9d17-c2a3-11ea-af23-0242ac110002,std_1594381815631_86,class_20200710-165305_86,u63e-Gi9s,901044aa-947c-4639-a749-e7b5aee3fb32,7e774dc8-6167-45e8-86db-575f35972df8,ba595de8-0f6d-4da6-bb08-7b94cfbf4460,222db709-410a-48d2-882a-f223e5bf22dd,c930cc8b-c335-469b-aaa7-a42b3975cac5,
tch_20200710-165305_76,85e05285-c2a3-11ea-af23-0242ac110002,std_1594381817525_76,class_20200710-165305_76,2627-A93L,ed22bdbb-0211-4899-bb01-990ef17deecd,afe78bf0-e43f-4408-973e-306502c147fd,70aaaf85-2a2e-431c-b926-f591338349e3,96c18eaf-1437-4918-bd08-5975217244b7,860da56b-fd87-4b0d-82dc-672eb77555de,
tch_20200710-165305_81,85f3da15-c2a3-11ea-96b3-0242ac110002,std_1594381817655_81,class_20200710-165305_81,bGfB-uTRe,fbf2f096-f1eb-4f92-8682-f8f7466a6ee5,731024c7-240d-4fca-b4db-e0337125d9dc,9062f563-1994-405b-a9c2-e703fbfe737e,d60e96e3-0dba-488f-a932-8c7baee5802c,1bd3aa32-463c-47f1-96e3-b273a5d9258a,
tch_20200710-165305_77,86891515-c2a3-11ea-af23-0242ac110002,std_1594381818629_77,class_20200710-165305_77,VTvH-9Xhi,e9bd7f4e-22d1-4bd9-bbd6-f57c2ff2dc7d,760dc93d-8f32-4126-9cdf-41053983660b,ed5b1377-e8af-40b4-9de9-c47a26975154,e563823b-f8cf-49ff-bd94-fc58b245e68c,91137241-6c18-4a05-80e7-52fe2777a1ab,
tch_20200710-165305_65,85d4b96a-c2a3-11ea-acee-0242ac110002,std_1594381817451_65,class_20200710-165305_65,9M6R-Ae27,95db7dca-e5b9-4b5d-8d51-64c625afa3d1,efd1aced-bd89-4f5c-9837-0ae3a5232d65,60a41abb-4297-490a-b44a-f96e2a8f29dd,6f7105f0-3740-4d24-b045-ed2a6ef89edc,1658b879-e7a0-4b2d-8d10-fc118effea07,
tch_20200710-165305_75,88858168-c2a3-11ea-89f8-0242ac110002,std_1594381821962_75,class_20200710-165305_75,7dNR-H6m7,ff87c64b-05e8-4924-b075-308df0e4e83a,e086cf56-a4b1-44c0-9f99-2d85dbebb66f,7984415a-9b95-4ae0-bef1-8a1dd0124943,78a5ebdf-7351-4261-be66-9150dbdf6293,379bc005-6c55-4140-847e-f49b44cfaba3,
tch_20200710-165305_82,85ff252d-c2a3-11ea-89f8-0242ac110002,std_1594381817706_82,class_20200710-165305_82,cbcL-V3f4,e6bac226-444d-4700-a9eb-dfccdec84136,0ce11734-36be-420a-a15f-a86ead60cec7,885e0ffd-ea47-4262-ab8e-48f50e0deb6c,c17a7071-0b54-4f4a-aa46-0400d43e27f5,387fb081-8962-4dbc-8154-d26282c18589,
tch_20200710-165305_64,885ceb77-c2a3-11ea-96b3-0242ac110002,std_1594381821693_64,class_20200710-165305_64,v9R4-trc3,6753d35d-ed3e-4a5d-a36b-5c5a207c332d,85435209-154d-47db-827e-278ad4d5bd99,6812bd4e-5f2d-469f-b31b-f3bcf1dde519,03d97d6d-bc6a-427c-9c65-f5a0970e737a,ce382e7d-e7f3-4b4d-a294-f3c402253e7e,
tch_20200710-165305_73,87e12bf4-c2a3-11ea-af23-0242ac110002,std_1594381820887_73,class_20200710-165305_73,FcKF-Uptj,8d3a6731-391f-40de-b46c-847e63bd4623,4cc0a81b-d79e-4536-8f20-d64d5f037fae,a92a7fe2-1950-498b-bf60-8dfb206eebc1,d9aa7eb4-ec5b-4119-bafc-b468a39229f8,747beba2-cca1-410b-a25a-1f06c53cf685,
tch_20200710-165305_72,8812e9be-c2a3-11ea-96b3-0242ac110002,std_1594381821198_72,class_20200710-165305_72,XqJ3-FmKc,34e770d0-4922-4ba9-a2c1-09ec0bdcae96,875edea8-1c38-41f4-bfcf-524200ae0f03,1f41c443-2592-4f77-8c22-33f2cbd3d295,e294e4fd-9ceb-4c12-a81d-c575d8c2e69d,0540d470-8f49-4727-bd00-70bcbea88b73,
tch_20200710-165305_80,8a2aa61d-c2a3-11ea-96b3-0242ac110002,std_1594381824703_80,class_20200710-165305_80,aV4j-THZz,d8f24ddb-d531-4df8-94d5-46f6a3de6aa0,fa0afb60-d2d5-4d65-a310-e0b77c73ac28,cfe10b0a-b080-4634-aa09-fd0a5d673b28,566bb1c1-a037-4867-ad94-fca6de111785,d56f92ea-1d01-4611-858e-4a38e337c246,
tch_20200710-165305_78,8ad8c10e-c2a3-11ea-af23-0242ac110002,std_1594381825856_78,class_20200710-165305_78,E98M-vMKi,13fb90fb-ee8c-4d7d-9e02-36ccd7f32ae2,c1115ce5-b7f9-47a5-86a7-c048027df951,4f7acf14-e12a-4146-b74e-4fb50586b019,adf1bc40-4ec2-44f1-909f-78ea125d5179,5c04c29d-777e-414f-abd2-583e74b116e3,
tch_20200710-165305_87,899962c4-c2a3-11ea-acee-0242ac110002,std_1594381823440_87,class_20200710-165305_87,fNH7-w7Zc,d7b1d1a3-b27e-4c63-978b-c26cd23adb9d,1aa5c3be-9cbf-4230-945c-dd4e990dbc70,f3574588-3bf1-44a8-aa7b-0014e4f86a95,94c5fd94-624a-4a24-89b4-44fb95395fc9,393a92bb-0d1d-4c4f-9b63-84c585226266,
tch_20200710-165305_70,8dd47446-c2a3-11ea-96b3-0242ac110002,std_1594381830869_70,class_20200710-165305_70,VJGe-9HGv,eb2b4cf9-9b2a-40f8-803c-429cacccea61,cbc5db44-813d-4cd6-b1bf-148e779c3fc6,6524b889-9452-4d19-bee3-0ee68b92fd17,977a4df7-0434-4901-bf63-8a0d9ff8c16a,30fa836d-be81-4f6e-acd6-c821c4d3a96a,
tch_20200710-165305_69,8c0336df-c2a3-11ea-af23-0242ac110002,std_1594381827789_69,class_20200710-165305_69,AuJ3-syn7,81325b62-2324-4afc-a542-59108f627220,ad374646-4c35-48c7-9cf5-fa36444cbddc,6be68858-96da-4b0e-b9cf-5f36898dd03c,a96b3fcc-dfaa-496b-8fbf-63debebd970a,b8f57e1f-9ecb-4937-8e56-5222f932efd3,
tch_20200710-165305_67,8e1b8f75-c2a3-11ea-af23-0242ac110002,std_1594381831332_67,class_20200710-165305_67,fB83-Cx7i,38922d60-f344-4c37-b6f6-17341e70b874,6ca88699-a115-4431-833f-7a2cd11e18bf,1d1807cf-5052-4bed-afb7-dc54ca273ec4,ce167b6d-c9f9-47ce-b7eb-adc1520bf645,742092f1-533b-4131-ba77-305b3e396f9c,
tch_20200710-165305_66,8d2a519e-c2a3-11ea-acee-0242ac110002,std_1594381829715_66,class_20200710-165305_66,GfrE-v2X8,b71b832b-b158-4cbe-a022-97f5fc540fe1,4cffd094-3101-494f-9453-c6b25b28515d,56707fb1-4ddf-410c-8247-162ab48abcd6,3aebb21e-0b0b-4dbc-8a53-591123a23c21,ffa01791-91d3-4af7-8ab5-b7859fc8ed1f,
tch_20200710-165305_84,8f680cbe-c2a3-11ea-af23-0242ac110002,std_1594381833512_84,class_20200710-165305_84,7F6x-RhY7,c644309e-b41a-4360-8093-54d0fb93d28b,04942e49-89a0-4f5d-9b39-1f84e13d4a70,82b6b1e3-d4b6-4673-9eef-736a905156c2,63593b04-d0bc-4d2b-ac56-f936547f0195,f2e8a383-10a4-4dfb-8682-7068530ceda7,
tch_20200710-165305_68,901319ca-c2a3-11ea-96b3-0242ac110002,std_1594381834593_68,class_20200710-165305_68,frC3-923J,88ba7407-3084-466c-8e3c-3824d7e3232a,e6754fea-137e-431e-adc5-4f460ebd17e4,bc08a067-d598-4e29-9287-65273d3525b8,70816637-f412-43ec-8015-ac672f4fb1a6,f4ca5fd4-a33f-44a1-8235-4b975d2e1f23,
tch_20200710-165305_83,8db6da92-c2a3-11ea-acee-0242ac110002,std_1594381830647_83,class_20200710-165305_83,g49z-qdwv,33cb695b-569b-4d2e-b8f4-525a4c4947ee,e4088881-3ef5-45a3-a465-988e418488e7,18130c2c-c45c-4a87-9bd0-2b781dff95ba,765b90e3-5ccf-4378-8d2d-b956da116903,02703037-dda6-4b4c-a5c8-3ee1f56fec55,
tch_20200710-165305_74,911bfdf1-c2a3-11ea-89f8-0242ac110002,std_1594381836349_74,class_20200710-165305_74,4h73-wd73,6605713c-56e6-44a3-8a47-6c0629bb90d8,ff3d34eb-cc58-491c-bc52-8ab8ac8c2bf1,7b12afab-0411-43b4-becf-0069c4ae3ebb,7353cc62-5a56-4c33-9dec-09bf3c94504b,26140169-7f6d-42d5-86c2-92c2921c976f,
tch_20200710-165305_86,93459561-c2a3-11ea-acee-0242ac110002,std_1594381839978_86,class_20200710-165305_86,u63e-Gi9s,901044aa-947c-4639-a749-e7b5aee3fb32,7e774dc8-6167-45e8-86db-575f35972df8,ba595de8-0f6d-4da6-bb08-7b94cfbf4460,222db709-410a-48d2-882a-f223e5bf22dd,c930cc8b-c335-469b-aaa7-a42b3975cac5,
tch_20200710-165305_79,909653b7-c2a3-11ea-af23-0242ac110002,std_1594381835488_79,class_20200710-165305_79,4u3g-2Q6c,b59a35bf-2abd-4c26-bba9-a5e78c1dd979,399bf06d-772b-4c6e-bebf-0d3e4cb56f05,b203d5e5-94d3-4ff8-a2e0-71596a30f6cb,886dd65d-f6ca-4a73-88c6-05a58039baaf,29c11558-cf22-4470-b8c7-53a9a504f781,
tch_20200710-165305_71,904044bb-c2a3-11ea-96b3-0242ac110002,std_1594381834904_71,class_20200710-165305_71,3Myu-6wFc,d4ac39c9-d851-493e-80b1-701c184eeee1,c474fa58-c198-4f68-9a48-6205b0f6220c,d8e5be2d-5f9e-4401-aa48-3656de183c78,3f62b1a0-0cc8-4dfe-8c36-0ba41d34d876,8fec0bd4-8e91-4462-ae84-f9e9ffa517d9,
tch_20200710-165305_77,93f18cde-c2a3-11ea-89f8-0242ac110002,std_1594381841088_77,class_20200710-165305_77,VTvH-9Xhi,e9bd7f4e-22d1-4bd9-bbd6-f57c2ff2dc7d,760dc93d-8f32-4126-9cdf-41053983660b,ed5b1377-e8af-40b4-9de9-c47a26975154,e563823b-f8cf-49ff-bd94-fc58b245e68c,91137241-6c18-4a05-80e7-52fe2777a1ab,
tch_20200710-165305_88,9287c3aa-c2a3-11ea-96b3-0242ac110002,std_1594381838453_88,class_20200710-165305_88,z6D8-2R97,79fd2478-ca6d-49c2-94e9-3c7aef1d3b6f,6926c15b-0b03-4eca-b8e5-56773497d398,4ed58d47-624e-4fe2-b481-c01b91e43372,0bc70378-8b2d-4c25-8978-31c120c1cc60,60aa5d10-4a60-4566-918d-cd1464b01d35,
tch_20200710-165305_76,939bf235-c2a3-11ea-89f8-0242ac110002,std_1594381840569_76,class_20200710-165305_76,2627-A93L,ed22bdbb-0211-4899-bb01-990ef17deecd,afe78bf0-e43f-4408-973e-306502c147fd,70aaaf85-2a2e-431c-b926-f591338349e3,96c18eaf-1437-4918-bd08-5975217244b7,860da56b-fd87-4b0d-82dc-672eb77555de,
tch_20200710-165305_85,919e9c28-c2a3-11ea-acee-0242ac110002,std_1594381837218_85,class_20200710-165305_85,qZz9-rihD,01de1cca-e69c-4a96-95ac-27803c40669e,01624a46-e815-456a-a972-fd56987f6c9c,5121933c-a509-45d3-bb01-e211c96c30e6,e998e11e-914c-4e8d-8ad8-9c94bfde197d,131d82d2-9c4a-46e8-8d90-71fef6727621,
tch_20200710-165305_73,95b8df24-c2a3-11ea-af23-0242ac110002,std_1594381844087_73,class_20200710-165305_73,FcKF-Uptj,8d3a6731-391f-40de-b46c-847e63bd4623,4cc0a81b-d79e-4536-8f20-d64d5f037fae,a92a7fe2-1950-498b-bf60-8dfb206eebc1,d9aa7eb4-ec5b-4119-bafc-b468a39229f8,747beba2-cca1-410b-a25a-1f06c53cf685,
tch_20200710-165305_75,9511f10f-c2a3-11ea-89f8-0242ac110002,std_1594381842401_75,class_20200710-165305_75,7dNR-H6m7,ff87c64b-05e8-4924-b075-308df0e4e83a,e086cf56-a4b1-44c0-9f99-2d85dbebb66f,7984415a-9b95-4ae0-bef1-8a1dd0124943,78a5ebdf-7351-4261-be66-9150dbdf6293,379bc005-6c55-4140-847e-f49b44cfaba3,
tch_20200710-165305_81,93ddb5f2-c2a3-11ea-96b3-0242ac110002,std_1594381840979_81,class_20200710-165305_81,bGfB-uTRe,fbf2f096-f1eb-4f92-8682-f8f7466a6ee5,731024c7-240d-4fca-b4db-e0337125d9dc,9062f563-1994-405b-a9c2-e703fbfe737e,d60e96e3-0dba-488f-a932-8c7baee5802c,1bd3aa32-463c-47f1-96e3-b273a5d9258a,
tch_20200710-165305_82,957d3543-c2a3-11ea-af23-0242ac110002,std_1594381843710_82,class_20200710-165305_82,cbcL-V3f4,e6bac226-444d-4700-a9eb-dfccdec84136,0ce11734-36be-420a-a15f-a86ead60cec7,885e0ffd-ea47-4262-ab8e-48f50e0deb6c,c17a7071-0b54-4f4a-aa46-0400d43e27f5,387fb081-8962-4dbc-8154-d26282c18589,
tch_20200710-165305_65,9478e56b-c2a3-11ea-96b3-0242ac110002,std_1594381841999_65,class_20200710-165305_65,9M6R-Ae27,95db7dca-e5b9-4b5d-8d51-64c625afa3d1,efd1aced-bd89-4f5c-9837-0ae3a5232d65,60a41abb-4297-490a-b44a-f96e2a8f29dd,6f7105f0-3740-4d24-b045-ed2a6ef89edc,1658b879-e7a0-4b2d-8d10-fc118effea07,
tch_20200710-165305_70,9929c27f-c2a3-11ea-89f8-0242ac110002,std_1594381849880_70,class_20200710-165305_70,VJGe-9HGv,eb2b4cf9-9b2a-40f8-803c-429cacccea61,cbc5db44-813d-4cd6-b1bf-148e779c3fc6,6524b889-9452-4d19-bee3-0ee68b92fd17,977a4df7-0434-4901-bf63-8a0d9ff8c16a,30fa836d-be81-4f6e-acd6-c821c4d3a96a,
tch_20200710-165305_72,9714c58e-c2a3-11ea-acee-0242ac110002,std_1594381846390_72,class_20200710-165305_72,XqJ3-FmKc,34e770d0-4922-4ba9-a2c1-09ec0bdcae96,875edea8-1c38-41f4-bfcf-524200ae0f03,1f41c443-2592-4f77-8c22-33f2cbd3d295,e294e4fd-9ceb-4c12-a81d-c575d8c2e69d,0540d470-8f49-4727-bd00-70bcbea88b73,
tch_20200710-165305_78,98716fcb-c2a3-11ea-96b3-0242ac110002,std_1594381848629_78,class_20200710-165305_78,E98M-vMKi,13fb90fb-ee8c-4d7d-9e02-36ccd7f32ae2,c1115ce5-b7f9-47a5-86a7-c048027df951,4f7acf14-e12a-4146-b74e-4fb50586b019,adf1bc40-4ec2-44f1-909f-78ea125d5179,5c04c29d-777e-414f-abd2-583e74b116e3,
tch_20200710-165305_80,983f89fa-c2a3-11ea-96b3-0242ac110002,std_1594381848337_80,class_20200710-165305_80,aV4j-THZz,d8f24ddb-d531-4df8-94d5-46f6a3de6aa0,fa0afb60-d2d5-4d65-a310-e0b77c73ac28,cfe10b0a-b080-4634-aa09-fd0a5d673b28,566bb1c1-a037-4867-ad94-fca6de111785,d56f92ea-1d01-4611-858e-4a38e337c246,
tch_20200710-165305_87,98ab9219-c2a3-11ea-96b3-0242ac110002,std_1594381849054_87,class_20200710-165305_87,fNH7-w7Zc,d7b1d1a3-b27e-4c63-978b-c26cd23adb9d,1aa5c3be-9cbf-4230-945c-dd4e990dbc70,f3574588-3bf1-44a8-aa7b-0014e4f86a95,94c5fd94-624a-4a24-89b4-44fb95395fc9,393a92bb-0d1d-4c4f-9b63-84c585226266,
tch_20200710-165305_89,9bfc91f8-c2a3-11ea-af23-0242ac110002,std_1594381854323_89,class_20200710-165305_89,m7Nu-4dmo,b184bb5b-1fa2-4890-930d-2a8cea77a6ea,dcebd4c9-bfdc-4225-a600-851f921fb36d,4d95c5ac-6a3c-4036-bc85-ba472d1218ac,9f97ddd3-267c-4ba2-90a4-789cd88e94f2,5b9483be-9c1f-4101-baa7-139974e3c2c2,
tch_20200710-165305_84,9b82f4cd-c2a3-11ea-acee-0242ac110002,std_1594381853814_84,class_20200710-165305_84,7F6x-RhY7,c644309e-b41a-4360-8093-54d0fb93d28b,04942e49-89a0-4f5d-9b39-1f84e13d4a70,82b6b1e3-d4b6-4673-9eef-736a905156c2,63593b04-d0bc-4d2b-ac56-f936547f0195,f2e8a383-10a4-4dfb-8682-7068530ceda7,
tch_20200710-165305_69,9a5941ca-c2a3-11ea-af23-0242ac110002,std_1594381851860_69,class_20200710-165305_69,AuJ3-syn7,81325b62-2324-4afc-a542-59108f627220,ad374646-4c35-48c7-9cf5-fa36444cbddc,6be68858-96da-4b0e-b9cf-5f36898dd03c,a96b3fcc-dfaa-496b-8fbf-63debebd970a,b8f57e1f-9ecb-4937-8e56-5222f932efd3,
tch_20200710-165305_68,9ca8d73d-c2a3-11ea-96b3-0242ac110002,std_1594381855724_68,class_20200710-165305_68,frC3-923J,88ba7407-3084-466c-8e3c-3824d7e3232a,e6754fea-137e-431e-adc5-4f460ebd17e4,bc08a067-d598-4e29-9287-65273d3525b8,70816637-f412-43ec-8015-ac672f4fb1a6,f4ca5fd4-a33f-44a1-8235-4b975d2e1f23,
tch_20200710-165305_67,9ab8792d-c2a3-11ea-89f8-0242ac110002,std_1594381852497_67,class_20200710-165305_67,fB83-Cx7i,38922d60-f344-4c37-b6f6-17341e70b874,6ca88699-a115-4431-833f-7a2cd11e18bf,1d1807cf-5052-4bed-afb7-dc54ca273ec4,ce167b6d-c9f9-47ce-b7eb-adc1520bf645,742092f1-533b-4131-ba77-305b3e396f9c,
tch_20200710-165305_66,9aea37f1-c2a3-11ea-89f8-0242ac110002,std_1594381852780_66,class_20200710-165305_66,GfrE-v2X8,b71b832b-b158-4cbe-a022-97f5fc540fe1,4cffd094-3101-494f-9453-c6b25b28515d,56707fb1-4ddf-410c-8247-162ab48abcd6,3aebb21e-0b0b-4dbc-8a53-591123a23c21,ffa01791-91d3-4af7-8ab5-b7859fc8ed1f,
tch_20200710-165305_79,9e5a5792-c2a3-11ea-96b3-0242ac110002,std_1594381858582_79,class_20200710-165305_79,4u3g-2Q6c,b59a35bf-2abd-4c26-bba9-a5e78c1dd979,399bf06d-772b-4c6e-bebf-0d3e4cb56f05,b203d5e5-94d3-4ff8-a2e0-71596a30f6cb,886dd65d-f6ca-4a73-88c6-05a58039baaf,29c11558-cf22-4470-b8c7-53a9a504f781,
tch_20200710-165305_83,9d6dd597-c2a3-11ea-96b3-0242ac110002,std_1594381857030_83,class_20200710-165305_83,g49z-qdwv,33cb695b-569b-4d2e-b8f4-525a4c4947ee,e4088881-3ef5-45a3-a465-988e418488e7,18130c2c-c45c-4a87-9bd0-2b781dff95ba,765b90e3-5ccf-4378-8d2d-b956da116903,02703037-dda6-4b4c-a5c8-3ee1f56fec55,
tch_20200710-165305_74,9dd74565-c2a3-11ea-89f8-0242ac110002,std_1594381857719_74,class_20200710-165305_74,4h73-wd73,6605713c-56e6-44a3-8a47-6c0629bb90d8,ff3d34eb-cc58-491c-bc52-8ab8ac8c2bf1,7b12afab-0411-43b4-becf-0069c4ae3ebb,7353cc62-5a56-4c33-9dec-09bf3c94504b,26140169-7f6d-42d5-86c2-92c2921c976f,
tch_20200710-165305_71,9e6183bd-c2a3-11ea-96b3-0242ac110002,std_1594381858635_71,class_20200710-165305_71,3Myu-6wFc,d4ac39c9-d851-493e-80b1-701c184eeee1,c474fa58-c198-4f68-9a48-6205b0f6220c,d8e5be2d-5f9e-4401-aa48-3656de183c78,3f62b1a0-0cc8-4dfe-8c36-0ba41d34d876,8fec0bd4-8e91-4462-ae84-f9e9ffa517d9,
tch_20200710-165305_76,9fbeca6c-c2a3-11ea-89f8-0242ac110002,std_1594381860888_76,class_20200710-165305_76,2627-A93L,ed22bdbb-0211-4899-bb01-990ef17deecd,afe78bf0-e43f-4408-973e-306502c147fd,70aaaf85-2a2e-431c-b926-f591338349e3,96c18eaf-1437-4918-bd08-5975217244b7,860da56b-fd87-4b0d-82dc-672eb77555de,
tch_20200710-165305_73tch_20200710-165305_86,,a0e1ecdd-c2a3-11ea-89f8-0242ac1100029e164a40-c2a3-11ea-af23-0242ac110002,,std_1594381858124_86std_1594381862827_73,,class_20200710-165305_86class_20200710-165305_73,,u63e-Gi9sFcKF-Uptj,,901044aa-947c-4639-a749-e7b5aee3fb32,7e774dc8-6167-45e8-86db-575f35972df8,ba595de8-0f6d-4da6-bb08-7b94cfbf4460,222db709-410a-48d2-882a-f223e5bf22dd,c930cc8b-c335-469b-aaa7-a42b3975cac5,
8d3a6731-391f-40de-b46c-847e63bd4623,4cc0a81b-d79e-4536-8f20-d64d5f037fae,a92a7fe2-1950-498b-bf60-8dfb206eebc1,d9aa7eb4-ec5b-4119-bafc-b468a39229f8,747beba2-cca1-410b-a25a-1f06c53cf685,
tch_20200710-165305_85,a0968bf8-c2a3-11ea-acee-0242ac110002,std_1594381862280_85,class_20200710-165305_85,qZz9-rihD,01de1cca-e69c-4a96-95ac-27803c40669e,01624a46-e815-456a-a972-fd56987f6c9c,5121933c-a509-45d3-bb01-e211c96c30e6,e998e11e-914c-4e8d-8ad8-9c94bfde197d,131d82d2-9c4a-46e8-8d90-71fef6727621,
tch_20200710-165305_88,9f22d7fd-c2a3-11ea-89f8-0242ac110002,std_1594381859889_88,class_20200710-165305_88,z6D8-2R97,79fd2478-ca6d-49c2-94e9-3c7aef1d3b6f,6926c15b-0b03-4eca-b8e5-56773497d398,4ed58d47-624e-4fe2-b481-c01b91e43372,0bc70378-8b2d-4c25-8978-31c120c1cc60,60aa5d10-4a60-4566-918d-cd1464b01d35,
tch_20200710-165305_75,a161a465-c2a3-11ea-acee-0242ac110002,std_1594381863641_75,class_20200710-165305_75,7dNR-H6m7,ff87c64b-05e8-4924-b075-308df0e4e83a,e086cf56-a4b1-44c0-9f99-2d85dbebb66f,7984415a-9b95-4ae0-bef1-8a1dd0124943,78a5ebdf-7351-4261-be66-9150dbdf6293,379bc005-6c55-4140-847e-f49b44cfaba3,
tch_20200710-165305_77,9ebc004e-c2a3-11ea-89f8-0242ac110002,std_1594381859217_77,class_20200710-165305_77,VTvH-9Xhi,e9bd7f4e-22d1-4bd9-bbd6-f57c2ff2dc7d,760dc93d-8f32-4126-9cdf-41053983660b,ed5b1377-e8af-40b4-9de9-c47a26975154,e563823b-f8cf-49ff-bd94-fc58b245e68c,91137241-6c18-4a05-80e7-52fe2777a1ab,
tch_20200710-165305_81,a16304a0-c2a3-11ea-af23-0242ac110002,std_1594381863659_81,class_20200710-165305_81,bGfB-uTRe,fbf2f096-f1eb-4f92-8682-f8f7466a6ee5,731024c7-240d-4fca-b4db-e0337125d9dc,9062f563-1994-405b-a9c2-e703fbfe737e,d60e96e3-0dba-488f-a932-8c7baee5802c,1bd3aa32-463c-47f1-96e3-b273a5d9258a,
tch_20200710-165305_82,a2446354-c2a3-11ea-89f8-0242ac110002,std_1594381865136_82,class_20200710-165305_82,cbcL-V3f4,e6bac226-444d-4700-a9eb-dfccdec84136,0ce11734-36be-420a-a15f-a86ead60cec7,885e0ffd-ea47-4262-ab8e-48f50e0deb6c,c17a7071-0b54-4f4a-aa46-0400d43e27f5,387fb081-8962-4dbc-8154-d26282c18589,
tch_20200710-165305_78,a59b0852-c2a3-11ea-acee-0242ac110002,std_1594381870737_78,class_20200710-165305_78,E98M-vMKi,13fb90fb-ee8c-4d7d-9e02-36ccd7f32ae2,c1115ce5-b7f9-47a5-86a7-c048027df951,4f7acf14-e12a-4146-b74e-4fb50586b019,adf1bc40-4ec2-44f1-909f-78ea125d5179,5c04c29d-777e-414f-abd2-583e74b116e3,
tch_20200710-165305_65,a3575a54-c2a3-11ea-acee-0242ac110002,std_1594381866953_65,class_20200710-165305_65,9M6R-Ae27,95db7dca-e5b9-4b5d-8d51-64c625afa3d1,efd1aced-bd89-4f5c-9837-0ae3a5232d65,60a41abb-4297-490a-b44a-f96e2a8f29dd,6f7105f0-3740-4d24-b045-ed2a6ef89edc,1658b879-e7a0-4b2d-8d10-fc118effea07,
tch_20200710-165305_70,a481d0cf-c2a3-11ea-96b3-0242ac110002,std_1594381868894_70,class_20200710-165305_70,VJGe-9HGv,eb2b4cf9-9b2a-40f8-803c-429cacccea61,cbc5db44-813d-4cd6-b1bf-148e779c3fc6,6524b889-9452-4d19-bee3-0ee68b92fd17,977a4df7-0434-4901-bf63-8a0d9ff8c16a,30fa836d-be81-4f6e-acd6-c821c4d3a96a,
tch_20200710-165305_72,a534ccef-c2a3-11ea-acee-0242ac110002,std_1594381870062_72,class_20200710-165305_72,XqJ3-FmKc,34e770d0-4922-4ba9-a2c1-09ec0bdcae96,875edea8-1c38-41f4-bfcf-524200ae0f03,1f41c443-2592-4f77-8c22-33f2cbd3d295,e294e4fd-9ceb-4c12-a81d-c575d8c2e69d,0540d470-8f49-4727-bd00-70bcbea88b73,
tch_20200710-165305_80,a68011c9-c2a3-11ea-af23-0242ac110002,std_1594381872254_80,class_20200710-165305_80,aV4j-THZz,d8f24ddb-d531-4df8-94d5-46f6a3de6aa0,fa0afb60-d2d5-4d65-a310-e0b77c73ac28,cfe10b0a-b080-4634-aa09-fd0a5d673b28,566bb1c1-a037-4867-ad94-fca6de111785,d56f92ea-1d01-4611-858e-4a38e337c246,
tch_20200710-165305_87,a7843a8e-c2a3-11ea-96b3-0242ac110002,std_1594381873971_87,class_20200710-165305_87,fNH7-w7Zc,d7b1d1a3-b27e-4c63-978b-c26cd23adb9d,1aa5c3be-9cbf-4230-945c-dd4e990dbc70,f3574588-3bf1-44a8-aa7b-0014e4f86a95,94c5fd94-624a-4a24-89b4-44fb95395fc9,393a92bb-0d1d-4c4f-9b63-84c585226266,
tch_20200710-165305_89,a85a9ddc-c2a3-11ea-96b3-0242ac110002,std_1594381875349_89,class_20200710-165305_89,m7Nu-4dmo,b184bb5b-1fa2-4890-930d-2a8cea77a6ea,dcebd4c9-bfdc-4225-a600-851f921fb36d,4d95c5ac-6a3c-4036-bc85-ba472d1218ac,9f97ddd3-267c-4ba2-90a4-789cd88e94f2,5b9483be-9c1f-4101-baa7-139974e3c2c2,
tch_20200710-165305_90,a9ec61a0-c2a3-11ea-af23-0242ac110002,std_1594381877706_90,class_20200710-165305_90,GV7V-4cMF,fa8729bf-1868-42b8-971b-e91e1a83dde8,d5518da6-5d45-43a8-931f-b90ba1eda9e1,83a34b8f-8820-4628-b166-49e53d9c7932,9d64def0-9f5b-4e14-952e-dac91e48846d,f2db0845-9803-465e-a11d-aeb8cff1c3e8,
tch_20200710-165305_84,a90e35eb-c2a3-11ea-acee-0242ac110002,std_1594381876538_84,class_20200710-165305_84,7F6x-RhY7,c644309e-b41a-4360-8093-54d0fb93d28b,04942e49-89a0-4f5d-9b39-1f84e13d4a70,82b6b1e3-d4b6-4673-9eef-736a905156c2,63593b04-d0bc-4d2b-ac56-f936547f0195,f2e8a383-10a4-4dfb-8682-7068530ceda7,
tch_20200710-165305_69,a9114344-c2a3-11ea-acee-0242ac110002,std_1594381876571_69,class_20200710-165305_69,AuJ3-syn7,81325b62-2324-4afc-a542-59108f627220,ad374646-4c35-48c7-9cf5-fa36444cbddc,6be68858-96da-4b0e-b9cf-5f36898dd03c,a96b3fcc-dfaa-496b-8fbf-63debebd970a,b8f57e1f-9ecb-4937-8e56-5222f932efd3,
tch_20200710-165305_68,a9954110-c2a3-11ea-89f8-0242ac110002,std_1594381877424_68,class_20200710-165305_68,frC3-923J,88ba7407-3084-466c-8e3c-3824d7e3232a,e6754fea-137e-431e-adc5-4f460ebd17e4,bc08a067-d598-4e29-9287-65273d3525b8,70816637-f412-43ec-8015-ac672f4fb1a6,f4ca5fd4-a33f-44a1-8235-4b975d2e1f23,
tch_20200710-165305_66,a9e9c924-c2a3-11ea-acee-0242ac110002,std_1594381877976_66,class_20200710-165305_66,GfrE-v2X8,b71b832b-b158-4cbe-a022-97f5fc540fe1,4cffd094-3101-494f-9453-c6b25b28515d,56707fb1-4ddf-410c-8247-162ab48abcd6,3aebb21e-0b0b-4dbc-8a53-591123a23c21,ffa01791-91d3-4af7-8ab5-b7859fc8ed1f,
tch_20200710-165305_74,ac3873a2-c2a3-11ea-af23-0242ac110002,std_1594381881834_74,class_20200710-165305_74,4h73-wd73,6605713c-56e6-44a3-8a47-6c0629bb90d8,ff3d34eb-cc58-491c-bc52-8ab8ac8c2bf1,7b12afab-0411-43b4-becf-0069c4ae3ebb,7353cc62-5a56-4c33-9dec-09bf3c94504b,26140169-7f6d-42d5-86c2-92c2921c976f,
tch_20200710-165305_67,a9dad56c-c2a3-11ea-96b3-0242ac110002,std_1594381877879_67,class_20200710-165305_67,fB83-Cx7i,38922d60-f344-4c37-b6f6-17341e70b874,6ca88699-a115-4431-833f-7a2cd11e18bf,1d1807cf-5052-4bed-afb7-dc54ca273ec4,ce167b6d-c9f9-47ce-b7eb-adc1520bf645,742092f1-533b-4131-ba77-305b3e396f9c,
tch_20200710-165305_71,ac3e8f1a-c2a3-11ea-96b3-0242ac110002,std_1594381881880_71,class_20200710-165305_71,3Myu-6wFc,d4ac39c9-d851-493e-80b1-701c184eeee1,c474fa58-c198-4f68-9a48-6205b0f6220c,d8e5be2d-5f9e-4401-aa48-3656de183c78,3f62b1a0-0cc8-4dfe-8c36-0ba41d34d876,8fec0bd4-8e91-4462-ae84-f9e9ffa517d9,
tch_20200710-165305_73,ad3d3983-c2a3-11ea-96b3-0242ac110002,std_1594381883505_73,class_20200710-165305_73,FcKF-Uptj,8d3a6731-391f-40de-b46c-847e63bd4623,4cc0a81b-d79e-4536-8f20-d64d5f037fae,a92a7fe2-1950-498b-bf60-8dfb206eebc1,d9aa7eb4-ec5b-4119-bafc-b468a39229f8,747beba2-cca1-410b-a25a-1f06c53cf685,
tch_20200710-165305_86,ad348749-c2a3-11ea-af23-0242ac110002,std_1594381883504_86,class_20200710-165305_86,u63e-Gi9s,901044aa-947c-4639-a749-e7b5aee3fb32,7e774dc8-6167-45e8-86db-575f35972df8,ba595de8-0f6d-4da6-bb08-7b94cfbf4460,222db709-410a-48d2-882a-f223e5bf22dd,c930cc8b-c335-469b-aaa7-a42b3975cac5,
tch_20200710-165305_76,ac4bd56b-c2a3-11ea-89f8-0242ac110002,std_1594381881985_76,class_20200710-165305_76,2627-A93L,ed22bdbb-0211-4899-bb01-990ef17deecd,afe78bf0-e43f-4408-973e-306502c147fd,70aaaf85-2a2e-431c-b926-f591338349e3,96c18eaf-1437-4918-bd08-5975217244b7,860da56b-fd87-4b0d-82dc-672eb77555de,
tch_20200710-165305_83,ab5c1de5-c2a3-11ea-acee-0242ac110002,std_1594381880379_83,class_20200710-165305_83,g49z-qdwv,33cb695b-569b-4d2e-b8f4-525a4c4947ee,e4088881-3ef5-45a3-a465-988e418488e7,18130c2c-c45c-4a87-9bd0-2b781dff95ba,765b90e3-5ccf-4378-8d2d-b956da116903,02703037-dda6-4b4c-a5c8-3ee1f56fec55,
tch_20200710-165305_85,adf00f6a-c2a3-11ea-96b3-0242ac110002,std_1594381884711_85,class_20200710-165305_85,qZz9-rihD,01de1cca-e69c-4a96-95ac-27803c40669e,01624a46-e815-456a-a972-fd56987f6c9c,5121933c-a509-45d3-bb01-e211c96c30e6,e998e11e-914c-4e8d-8ad8-9c94bfde197d,131d82d2-9c4a-46e8-8d90-71fef6727621,
tch_20200710-165305_79,aaccd659-c2a3-11ea-89f8-0242ac110002,std_1594381879453_79,class_20200710-165305_79,4u3g-2Q6c,b59a35bf-2abd-4c26-bba9-a5e78c1dd979,399bf06d-772b-4c6e-bebf-0d3e4cb56f05,b203d5e5-94d3-4ff8-a2e0-71596a30f6cb,886dd65d-f6ca-4a73-88c6-05a58039baaf,29c11558-cf22-4470-b8c7-53a9a504f781,
tch_20200710-165305_77,ae906df1-c2a3-11ea-89f8-0242ac110002,std_1594381885784_77,class_20200710-165305_77,VTvH-9Xhi,e9bd7f4e-22d1-4bd9-bbd6-f57c2ff2dc7d,760dc93d-8f32-4126-9cdf-41053983660b,ed5b1377-e8af-40b4-9de9-c47a26975154,e563823b-f8cf-49ff-bd94-fc58b245e68c,91137241-6c18-4a05-80e7-52fe2777a1ab,
tch_20200710-165305_88,adf035e1-c2a3-11ea-af23-0242ac110002,std_1594381884716_88,class_20200710-165305_88,z6D8-2R97,79fd2478-ca6d-49c2-94e9-3c7aef1d3b6f,6926c15b-0b03-4eca-b8e5-56773497d398,4ed58d47-624e-4fe2-b481-c01b91e43372,0bc70378-8b2d-4c25-8978-31c120c1cc60,60aa5d10-4a60-4566-918d-cd1464b01d35,
tch_20200710-165305_81,b0122b92-c2a3-11ea-96b3-0242ac110002,std_1594381888302_81,class_20200710-165305_81,bGfB-uTRe,fbf2f096-f1eb-4f92-8682-f8f7466a6ee5,731024c7-240d-4fca-b4db-e0337125d9dc,9062f563-1994-405b-a9c2-e703fbfe737e,d60e96e3-0dba-488f-a932-8c7baee5802c,1bd3aa32-463c-47f1-96e3-b273a5d9258a,
tch_20200710-165305_75,ae388a5c-c2a3-11ea-af23-0242ac110002,std_1594381885218_75,class_20200710-165305_75,7dNR-H6m7,ff87c64b-05e8-4924-b075-308df0e4e83a,e086cf56-a4b1-44c0-9f99-2d85dbebb66f,7984415a-9b95-4ae0-bef1-8a1dd0124943,78a5ebdf-7351-4261-be66-9150dbdf6293,379bc005-6c55-4140-847e-f49b44cfaba3,
tch_20200710-165305_91,aee9d81f-c2a3-11ea-89f8-0242ac110002,std_1594381886098_91,class_20200710-165305_91,eu7U-DE26,9c0f307e-a77a-4a45-9d27-d5cf90712c4c,d66fc219-2d1e-4fed-9839-02c48a64bd86,784a66a9-7e0f-42f0-b08b-e6f68b40ff20,1ba2b96b-c1d1-41d0-9160-98f0bc82d4e8,772dc2b6-bc3b-4a6a-94fb-f66891d93595,
tch_20200710-165305_78,b16cb2d1-c2a3-11ea-af23-0242ac110002,std_1594381890578_78,class_20200710-165305_78,E98M-vMKi,13fb90fb-ee8c-4d7d-9e02-36ccd7f32ae2,c1115ce5-b7f9-47a5-86a7-c048027df951,4f7acf14-e12a-4146-b74e-4fb50586b019,adf1bc40-4ec2-44f1-909f-78ea125d5179,5c04c29d-777e-414f-abd2-583e74b116e3,
tch_20200710-165305_82,b0927f76-c2a3-11ea-acee-0242ac110002,std_1594381889157_82,class_20200710-165305_82,cbcL-V3f4,e6bac226-444d-4700-a9eb-dfccdec84136,0ce11734-36be-420a-a15f-a86ead60cec7,885e0ffd-ea47-4262-ab8e-48f50e0deb6c,c17a7071-0b54-4f4a-aa46-0400d43e27f5,387fb081-8962-4dbc-8154-d26282c18589,
tch_20200710-165305_70,b2f4161f-c2a3-11ea-af23-0242ac110002,std_1594381893148_70,class_20200710-165305_70,VJGe-9HGv,eb2b4cf9-9b2a-40f8-803c-429cacccea61,cbc5db44-813d-4cd6-b1bf-148e779c3fc6,6524b889-9452-4d19-bee3-0ee68b92fd17,977a4df7-0434-4901-bf63-8a0d9ff8c16a,30fa836d-be81-4f6e-acd6-c821c4d3a96a,
tch_20200710-165305_72,b3f5cefb-c2a3-11ea-96b3-0242ac110002,std_1594381894837_72,class_20200710-165305_72,XqJ3-FmKc,34e770d0-4922-4ba9-a2c1-09ec0bdcae96,875edea8-1c38-41f4-bfcf-524200ae0f03,1f41c443-2592-4f77-8c22-33f2cbd3d295,e294e4fd-9ceb-4c12-a81d-c575d8c2e69d,0540d470-8f49-4727-bd00-70bcbea88b73,
tch_20200710-165305_89,b5fac6e8-c2a3-11ea-89f8-0242ac110002,std_1594381898208_89,class_20200710-165305_89,m7Nu-4dmo,b184bb5b-1fa2-4890-930d-2a8cea77a6ea,dcebd4c9-bfdc-4225-a600-851f921fb36d,4d95c5ac-6a3c-4036-bc85-ba472d1218ac,9f97ddd3-267c-4ba2-90a4-789cd88e94f2,5b9483be-9c1f-4101-baa7-139974e3c2c2,
tch_20200710-165305_80,b4abff36-c2a3-11ea-96b3-0242ac110002,std_1594381896029_80,class_20200710-165305_80,aV4j-THZz,d8f24ddb-d531-4df8-94d5-46f6a3de6aa0,fa0afb60-d2d5-4d65-a310-e0b77c73ac28,cfe10b0a-b080-4634-aa09-fd0a5d673b28,566bb1c1-a037-4867-ad94-fca6de111785,d56f92ea-1d01-4611-858e-4a38e337c246,
tch_20200710-165305_87,b5121453-c2a3-11ea-acee-0242ac110002,std_1594381896684_87,class_20200710-165305_87,fNH7-w7Zc,d7b1d1a3-b27e-4c63-978b-c26cd23adb9d,1aa5c3be-9cbf-4230-945c-dd4e990dbc70,f3574588-3bf1-44a8-aa7b-0014e4f86a95,94c5fd94-624a-4a24-89b4-44fb95395fc9,393a92bb-0d1d-4c4f-9b63-84c585226266,
tch_20200710-165305_90,b6e9e0f1-c2a3-11ea-acee-0242ac110002,std_1594381899754_90,class_20200710-165305_90,GV7V-4cMF,fa8729bf-1868-42b8-971b-e91e1a83dde8,d5518da6-5d45-43a8-931f-b90ba1eda9e1,83a34b8f-8820-4628-b166-49e53d9c7932,9d64def0-9f5b-4e14-952e-dac91e48846d,f2db0845-9803-465e-a11d-aeb8cff1c3e8,
tch_20200710-165305_84,b7000174-c2a3-11ea-af23-0242ac110002,std_1594381899906_84,class_20200710-165305_84,7F6x-RhY7,c644309e-b41a-4360-8093-54d0fb93d28b,04942e49-89a0-4f5d-9b39-1f84e13d4a70,82b6b1e3-d4b6-4673-9eef-736a905156c2,63593b04-d0bc-4d2b-ac56-f936547f0195,f2e8a383-10a4-4dfb-8682-7068530ceda7,
tch_20200710-165305_68,b884cc7d-c2a3-11ea-af23-0242ac110002,std_1594381902489_68,class_20200710-165305_68,frC3-923J,88ba7407-3084-466c-8e3c-3824d7e3232a,e6754fea-137e-431e-adc5-4f460ebd17e4,bc08a067-d598-4e29-9287-65273d3525b8,70816637-f412-43ec-8015-ac672f4fb1a6,f4ca5fd4-a33f-44a1-8235-4b975d2e1f23,
tch_20200710-165305_69,b872a48b-c2a3-11ea-96b3-0242ac110002,std_1594381902362_69,class_20200710-165305_69,AuJ3-syn7,81325b62-2324-4afc-a542-59108f627220,ad374646-4c35-48c7-9cf5-fa36444cbddc,6be68858-96da-4b0e-b9cf-5f36898dd03c,a96b3fcc-dfaa-496b-8fbf-63debebd970a,b8f57e1f-9ecb-4937-8e56-5222f932efd3,
tch_20200710-165305_76,ba0d4149-c2a3-11ea-acee-0242ac110002,std_1594381905011_76,class_20200710-165305_76,2627-A93L,ed22bdbb-0211-4899-bb01-990ef17deecd,afe78bf0-e43f-4408-973e-306502c147fd,70aaaf85-2a2e-431c-b926-f591338349e3,96c18eaf-1437-4918-bd08-5975217244b7,860da56b-fd87-4b0d-82dc-672eb77555de,
tch_20200710-165305_74,b8d843da-c2a3-11ea-89f8-0242ac110002,std_1594381903035_74,class_20200710-165305_74,4h73-wd73,6605713c-56e6-44a3-8a47-6c0629bb90d8,ff3d34eb-cc58-491c-bc52-8ab8ac8c2bf1,7b12afab-0411-43b4-becf-0069c4ae3ebb,7353cc62-5a56-4c33-9dec-09bf3c94504b,26140169-7f6d-42d5-86c2-92c2921c976f,
tch_20200710-165305_86,ba0551ca-c2a3-11ea-89f8-0242ac110002,std_1594381904992_86,class_20200710-165305_86,u63e-Gi9s,901044aa-947c-4639-a749-e7b5aee3fb32,7e774dc8-6167-45e8-86db-575f35972df8,ba595de8-0f6d-4da6-bb08-7b94cfbf4460,222db709-410a-48d2-882a-f223e5bf22dd,c930cc8b-c335-469b-aaa7-a42b3975cac5,
tch_20200710-165305_85,ba8ad634-c2a3-11ea-89f8-0242ac110002,std_1594381905881_85,class_20200710-165305_85,qZz9-rihD,01de1cca-e69c-4a96-95ac-27803c40669e,01624a46-e815-456a-a972-fd56987f6c9c,5121933c-a509-45d3-bb01-e211c96c30e6,e998e11e-914c-4e8d-8ad8-9c94bfde197d,131d82d2-9c4a-46e8-8d90-71fef6727621,
tch_20200710-165305_73,b981075f-c2a3-11ea-96b3-0242ac110002,std_1594381904146_73,class_20200710-165305_73,FcKF-Uptj,8d3a6731-391f-40de-b46c-847e63bd4623,4cc0a81b-d79e-4536-8f20-d64d5f037fae,a92a7fe2-1950-498b-bf60-8dfb206eebc1,d9aa7eb4-ec5b-4119-bafc-b468a39229f8,747beba2-cca1-410b-a25a-1f06c53cf685,
tch_20200710-165305_67,b90d5d37-c2a3-11ea-96b3-0242ac110002,std_1594381903386_67,class_20200710-165305_67,fB83-Cx7i,38922d60-f344-4c37-b6f6-17341e70b874,6ca88699-a115-4431-833f-7a2cd11e18bf,1d1807cf-5052-4bed-afb7-dc54ca273ec4,ce167b6d-c9f9-47ce-b7eb-adc1520bf645,742092f1-533b-4131-ba77-305b3e396f9c,
tch_20200710-165305_71,b96f7af6-c2a3-11ea-acee-0242ac110002,std_1594381904027_71,class_20200710-165305_71,3Myu-6wFc,d4ac39c9-d851-493e-80b1-701c184eeee1,c474fa58-c198-4f68-9a48-6205b0f6220c,d8e5be2d-5f9e-4401-aa48-3656de183c78,3f62b1a0-0cc8-4dfe-8c36-0ba41d34d876,8fec0bd4-8e91-4462-ae84-f9e9ffa517d9,
tch_20200710-165305_83,ba87a17b-c2a3-11ea-96b3-0242ac110002,std_1594381905846_83,class_20200710-165305_83,g49z-qdwv,33cb695b-569b-4d2e-b8f4-525a4c4947ee,e4088881-3ef5-45a3-a465-988e418488e7,18130c2c-c45c-4a87-9bd0-2b781dff95ba,765b90e3-5ccf-4378-8d2d-b956da116903,02703037-dda6-4b4c-a5c8-3ee1f56fec55,
tch_20200710-165305_79,babc1f82-c2a3-11ea-af23-0242ac110002,std_1594381906219_79,class_20200710-165305_79,4u3g-2Q6c,b59a35bf-2abd-4c26-bba9-a5e78c1dd979,399bf06d-772b-4c6e-bebf-0d3e4cb56f05,b203d5e5-94d3-4ff8-a2e0-71596a30f6cb,886dd65d-f6ca-4a73-88c6-05a58039baaf,29c11558-cf22-4470-b8c7-53a9a504f781,
tch_20200710-165305_77,bb4b8e33-c2a3-11ea-89f8-0242ac110002,std_1594381907132_77,class_20200710-165305_77,VTvH-9Xhi,e9bd7f4e-22d1-4bd9-bbd6-f57c2ff2dc7d,760dc93d-8f32-4126-9cdf-41053983660b,ed5b1377-e8af-40b4-9de9-c47a26975154,e563823b-f8cf-49ff-bd94-fc58b245e68c,91137241-6c18-4a05-80e7-52fe2777a1ab,
tch_20200710-165305_88,bc0e4169-c2a3-11ea-89f8-0242ac110002,std_1594381908419_88,class_20200710-165305_88,z6D8-2R97,79fd2478-ca6d-49c2-94e9-3c7aef1d3b6f,6926c15b-0b03-4eca-b8e5-56773497d398,4ed58d47-624e-4fe2-b481-c01b91e43372,0bc70378-8b2d-4c25-8978-31c120c1cc60,60aa5d10-4a60-4566-918d-cd1464b01d35,
tch_20200710-165305_81,bc575873-c2a3-11ea-acee-0242ac110002,std_1594381908879_81,class_20200710-165305_81,bGfB-uTRe,fbf2f096-f1eb-4f92-8682-f8f7466a6ee5,731024c7-240d-4fca-b4db-e0337125d9dc,9062f563-1994-405b-a9c2-e703fbfe737e,d60e96e3-0dba-488f-a932-8c7baee5802c,1bd3aa32-463c-47f1-96e3-b273a5d9258a,
tch_20200710-165305_91,bd796a1e-c2a3-11ea-af23-0242ac110002,std_1594381910785_91,class_20200710-165305_91,eu7U-DE26,9c0f307e-a77a-4a45-9d27-d5cf90712c4c,d66fc219-2d1e-4fed-9839-02c48a64bd86,784a66a9-7e0f-42f0-b08b-e6f68b40ff20,1ba2b96b-c1d1-41d0-9160-98f0bc82d4e8,772dc2b6-bc3b-4a6a-94fb-f66891d93595,
tch_20200710-165305_75,bd67de6c-c2a3-11ea-89f8-0242ac110002,std_1594381910675_75,class_20200710-165305_75,7dNR-H6m7,ff87c64b-05e8-4924-b075-308df0e4e83a,e086cf56-a4b1-44c0-9f99-2d85dbebb66f,7984415a-9b95-4ae0-bef1-8a1dd0124943,78a5ebdf-7351-4261-be66-9150dbdf6293,379bc005-6c55-4140-847e-f49b44cfaba3,
tch_20200710-165305_92,bd6ff435-c2a3-11ea-acee-0242ac110002,std_1594381910441_92,class_20200710-165305_92,F3EP-9xw3,2e3c7014-d7ad-4dcc-9463-7fce479e4017,41f373f3-b43d-4488-aab4-482fba8858a4,3b29c6d1-aede-4d36-95b1-eb346566875b,11980cb0-d34c-406d-9bf0-7e52ceed9f73,a63f7d46-71c0-446e-b844-ec99a71ff090,
tch_20200710-165305_82,bec9b7e7-c2a3-11ea-89f8-0242ac110002,std_1594381913011_82,class_20200710-165305_82,cbcL-V3f4,e6bac226-444d-4700-a9eb-dfccdec84136,0ce11734-36be-420a-a15f-a86ead60cec7,885e0ffd-ea47-4262-ab8e-48f50e0deb6c,c17a7071-0b54-4f4a-aa46-0400d43e27f5,387fb081-8962-4dbc-8154-d26282c18589,
tch_20200710-165305_78,be799bf5-c2a3-11ea-af23-0242ac110002,std_1594381912455_78,class_20200710-165305_78,E98M-vMKi,13fb90fb-ee8c-4d7d-9e02-36ccd7f32ae2,c1115ce5-b7f9-47a5-86a7-c048027df951,4f7acf14-e12a-4146-b74e-4fb50586b019,adf1bc40-4ec2-44f1-909f-78ea125d5179,5c04c29d-777e-414f-abd2-583e74b116e3,
tch_20200710-165305_72,c06f7926-c2a3-11ea-acee-0242ac110002,std_1594381915768_72,class_20200710-165305_72,XqJ3-FmKc,34e770d0-4922-4ba9-a2c1-09ec0bdcae96,875edea8-1c38-41f4-bfcf-524200ae0f03,1f41c443-2592-4f77-8c22-33f2cbd3d295,e294e4fd-9ceb-4c12-a81d-c575d8c2e69d,0540d470-8f49-4727-bd00-70bcbea88b73,
tch_20200710-165305_70,c035f23e-c2a3-11ea-96b3-0242ac110002,std_1594381915393_70,class_20200710-165305_70,VJGe-9HGv,eb2b4cf9-9b2a-40f8-803c-429cacccea61,cbc5db44-813d-4cd6-b1bf-148e779c3fc6,6524b889-9452-4d19-bee3-0ee68b92fd17,977a4df7-0434-4901-bf63-8a0d9ff8c16a,30fa836d-be81-4f6e-acd6-c821c4d3a96a,
tch_20200710-165305_89,c1b873aa-c2a3-11ea-af23-0242ac110002,std_1594381917890_89,class_20200710-165305_89,m7Nu-4dmo,b184bb5b-1fa2-4890-930d-2a8cea77a6ea,dcebd4c9-bfdc-4225-a600-851f921fb36d,4d95c5ac-6a3c-4036-bc85-ba472d1218ac,9f97ddd3-267c-4ba2-90a4-789cd88e94f2,5b9483be-9c1f-4101-baa7-139974e3c2c2,
tch_20200710-165305_80,c250949f-c2a3-11ea-af23-0242ac110002,std_1594381918932_80,class_20200710-165305_80,aV4j-THZz,d8f24ddb-d531-4df8-94d5-46f6a3de6aa0,fa0afb60-d2d5-4d65-a310-e0b77c73ac28,cfe10b0a-b080-4634-aa09-fd0a5d673b28,566bb1c1-a037-4867-ad94-fca6de111785,d56f92ea-1d01-4611-858e-4a38e337c246,
tch_20200710-165305_87,c299fa06-c2a3-11ea-acee-0242ac110002,std_1594381919400_87,class_20200710-165305_87,fNH7-w7Zc,d7b1d1a3-b27e-4c63-978b-c26cd23adb9d,1aa5c3be-9cbf-4230-945c-dd4e990dbc70,f3574588-3bf1-44a8-aa7b-0014e4f86a95,94c5fd94-624a-4a24-89b4-44fb95395fc9,393a92bb-0d1d-4c4f-9b63-84c585226266,
tch_20200710-165305_68,c5528a26-c2a3-11ea-89f8-0242ac110002,std_1594381923903_68,class_20200710-165305_68,frC3-923J,88ba7407-3084-466c-8e3c-3824d7e3232a,e6754fea-137e-431e-adc5-4f460ebd17e4,bc08a067-d598-4e29-9287-65273d3525b8,70816637-f412-43ec-8015-ac672f4fb1a6,f4ca5fd4-a33f-44a1-8235-4b975d2e1f23,
tch_20200710-165305_84,c42f4006-c2a3-11ea-89f8-0242ac110002,std_1594381922042_84,class_20200710-165305_84,7F6x-RhY7,c644309e-b41a-4360-8093-54d0fb93d28b,04942e49-89a0-4f5d-9b39-1f84e13d4a70,82b6b1e3-d4b6-4673-9eef-736a905156c2,63593b04-d0bc-4d2b-ac56-f936547f0195,f2e8a383-10a4-4dfb-8682-7068530ceda7,
tch_20200710-165305_73,c771e83c-c2a3-11ea-96b3-0242ac110002,std_1594381927520_73,class_20200710-165305_73,FcKF-Uptj,8d3a6731-391f-40de-b46c-847e63bd4623,4cc0a81b-d79e-4536-8f20-d64d5f037fae,a92a7fe2-1950-498b-bf60-8dfb206eebc1,d9aa7eb4-ec5b-4119-bafc-b468a39229f8,747beba2-cca1-410b-a25a-1f06c53cf685,
tch_20200710-165305_74,c731d208-c2a3-11ea-af23-0242ac110002,std_1594381927106_74,class_20200710-165305_74,4h73-wd73,6605713c-56e6-44a3-8a47-6c0629bb90d8,ff3d34eb-cc58-491c-bc52-8ab8ac8c2bf1,7b12afab-0411-43b4-becf-0069c4ae3ebb,7353cc62-5a56-4c33-9dec-09bf3c94504b,26140169-7f6d-42d5-86c2-92c2921c976f,
tch_20200710-165305_90,c400b5a6-c2a3-11ea-af23-0242ac110002,std_1594381921734_90,class_20200710-165305_90,GV7V-4cMF,fa8729bf-1868-42b8-971b-e91e1a83dde8,d5518da6-5d45-43a8-931f-b90ba1eda9e1,83a34b8f-8820-4628-b166-49e53d9c7932,9d64def0-9f5b-4e14-952e-dac91e48846d,f2db0845-9803-465e-a11d-aeb8cff1c3e8,
tch_20200710-165305_69,c5560cfd-c2a3-11ea-acee-0242ac110002,std_1594381923978_69,class_20200710-165305_69,AuJ3-syn7,81325b62-2324-4afc-a542-59108f627220,ad374646-4c35-48c7-9cf5-fa36444cbddc,6be68858-96da-4b0e-b9cf-5f36898dd03c,a96b3fcc-dfaa-496b-8fbf-63debebd970a,b8f57e1f-9ecb-4937-8e56-5222f932efd3,
tch_20200710-165305_71,c88728c6-c2a3-11ea-acee-0242ac110002,std_1594381929357_71,class_20200710-165305_71,3Myu-6wFc,d4ac39c9-d851-493e-80b1-701c184eeee1,c474fa58-c198-4f68-9a48-6205b0f6220c,d8e5be2d-5f9e-4401-aa48-3656de183c78,3f62b1a0-0cc8-4dfe-8c36-0ba41d34d876,8fec0bd4-8e91-4462-ae84-f9e9ffa517d9,
tch_20200710-165305_76,c6575008-c2a3-11ea-acee-0242ac110002,std_1594381925655_76,class_20200710-165305_76,2627-A93L,ed22bdbb-0211-4899-bb01-990ef17deecd,afe78bf0-e43f-4408-973e-306502c147fd,70aaaf85-2a2e-431c-b926-f591338349e3,96c18eaf-1437-4918-bd08-5975217244b7,860da56b-fd87-4b0d-82dc-672eb77555de,
tch_20200710-165305_86,c74950b9-c2a3-11ea-89f8-0242ac110002,std_1594381927255_86,class_20200710-165305_86,u63e-Gi9s,901044aa-947c-4639-a749-e7b5aee3fb32,7e774dc8-6167-45e8-86db-575f35972df8,ba595de8-0f6d-4da6-bb08-7b94cfbf4460,222db709-410a-48d2-882a-f223e5bf22dd,c930cc8b-c335-469b-aaa7-a42b3975cac5,
tch_20200710-165305_93,c9dd1ba1-c2a3-11ea-af23-0242ac110002,std_1594381931236_93,class_20200710-165305_93,NKM8-ETL8,f2d6615e-b121-4d35-9c55-8a928a6440ee,adda878c-bc3b-4b8d-88e4-50d7028b3be6,b183bb6c-064a-476b-b2bd-79c9a0cb0baa,0f1bd83c-12c1-4fab-be78-46d5ce28b914,18893546-9463-4f25-9cf8-366bd9a5f218,
tch_20200710-165305_81,cabe5353-c2a3-11ea-af23-0242ac110002,std_1594381933050_81,class_20200710-165305_81,bGfB-uTRe,fbf2f096-f1eb-4f92-8682-f8f7466a6ee5,731024c7-240d-4fca-b4db-e0337125d9dc,9062f563-1994-405b-a9c2-e703fbfe737e,d60e96e3-0dba-488f-a932-8c7baee5802c,1bd3aa32-463c-47f1-96e3-b273a5d9258a,
tch_20200710-165305_85,c75fe67d-c2a3-11ea-af23-0242ac110002,std_1594381927430_85,class_20200710-165305_85,qZz9-rihD,01de1cca-e69c-4a96-95ac-27803c40669e,01624a46-e815-456a-a972-fd56987f6c9c,5121933c-a509-45d3-bb01-e211c96c30e6,e998e11e-914c-4e8d-8ad8-9c94bfde197d,131d82d2-9c4a-46e8-8d90-71fef6727621,
tch_20200710-165305_83,c916bdb4-c2a3-11ea-89f8-0242ac110002,std_1594381930253_83,class_20200710-165305_83,g49z-qdwv,33cb695b-569b-4d2e-b8f4-525a4c4947ee,e4088881-3ef5-45a3-a465-988e418488e7,18130c2c-c45c-4a87-9bd0-2b781dff95ba,765b90e3-5ccf-4378-8d2d-b956da116903,02703037-dda6-4b4c-a5c8-3ee1f56fec55,
tch_20200710-165305_88,caa7707c-c2a3-11ea-96b3-0242ac110002,std_1594381932873_88,class_20200710-165305_88,z6D8-2R97,79fd2478-ca6d-49c2-94e9-3c7aef1d3b6f,6926c15b-0b03-4eca-b8e5-56773497d398,4ed58d47-624e-4fe2-b481-c01b91e43372,0bc70378-8b2d-4c25-8978-31c120c1cc60,60aa5d10-4a60-4566-918d-cd1464b01d35,
tch_20200710-165305_92,cb7bd6fa-c2a3-11ea-96b3-0242ac110002,std_1594381934298_92,class_20200710-165305_92,F3EP-9xw3,2e3c7014-d7ad-4dcc-9463-7fce479e4017,41f373f3-b43d-4488-aab4-482fba8858a4,3b29c6d1-aede-4d36-95b1-eb346566875b,11980cb0-d34c-406d-9bf0-7e52ceed9f73,a63f7d46-71c0-446e-b844-ec99a71ff090,
tch_20200710-165305_91,cb087ba2-c2a3-11ea-89f8-0242ac110002,std_1594381933527_91,class_20200710-165305_91,eu7U-DE26,9c0f307e-a77a-4a45-9d27-d5cf90712c4c,d66fc219-2d1e-4fed-9839-02c48a64bd86,784a66a9-7e0f-42f0-b08b-e6f68b40ff20,1ba2b96b-c1d1-41d0-9160-98f0bc82d4e8,772dc2b6-bc3b-4a6a-94fb-f66891d93595,
tch_20200710-165305_72,ccdcc6ff-c2a3-11ea-acee-0242ac110002,std_1594381936609_72,class_20200710-165305_72,XqJ3-FmKc,34e770d0-4922-4ba9-a2c1-09ec0bdcae96,875edea8-1c38-41f4-bfcf-524200ae0f03,1f41c443-2592-4f77-8c22-33f2cbd3d295,e294e4fd-9ceb-4c12-a81d-c575d8c2e69d,0540d470-8f49-4727-bd00-70bcbea88b73,
tch_20200710-165305_82,cc3144ec-c2a3-11ea-96b3-0242ac110002,std_1594381935494_82,class_20200710-165305_82,cbcL-V3f4,e6bac226-444d-4700-a9eb-dfccdec84136,0ce11734-36be-420a-a15f-a86ead60cec7,885e0ffd-ea47-4262-ab8e-48f50e0deb6c,c17a7071-0b54-4f4a-aa46-0400d43e27f5,387fb081-8962-4dbc-8154-d26282c18589,
tch_20200710-165305_79,c9f585e5-c2a3-11ea-acee-0242ac110002,std_1594381931724_79,class_20200710-165305_79,4u3g-2Q6c,b59a35bf-2abd-4c26-bba9-a5e78c1dd979,399bf06d-772b-4c6e-bebf-0d3e4cb56f05,b203d5e5-94d3-4ff8-a2e0-71596a30f6cb,886dd65d-f6ca-4a73-88c6-05a58039baaf,29c11558-cf22-4470-b8c7-53a9a504f781,
tch_20200710-165305_75,cb224597-c2a3-11ea-89f8-0242ac110002,std_1594381933699_75,class_20200710-165305_75,7dNR-H6m7,ff87c64b-05e8-4924-b075-308df0e4e83a,e086cf56-a4b1-44c0-9f99-2d85dbebb66f,7984415a-9b95-4ae0-bef1-8a1dd0124943,78a5ebdf-7351-4261-be66-9150dbdf6293,379bc005-6c55-4140-847e-f49b44cfaba3,
tch_20200710-165305_77,ca45a0f7-c2a3-11ea-96b3-0242ac110002,std_1594381932254_77,class_20200710-165305_77,VTvH-9Xhi,e9bd7f4e-22d1-4bd9-bbd6-f57c2ff2dc7d,760dc93d-8f32-4126-9cdf-41053983660b,ed5b1377-e8af-40b4-9de9-c47a26975154,e563823b-f8cf-49ff-bd94-fc58b245e68c,91137241-6c18-4a05-80e7-52fe2777a1ab,
tch_20200710-165305_70,cd4350b5-c2a3-11ea-96b3-0242ac110002,std_1594381937299_70,class_20200710-165305_70,VJGe-9HGv,eb2b4cf9-9b2a-40f8-803c-429cacccea61,cbc5db44-813d-4cd6-b1bf-148e779c3fc6,6524b889-9452-4d19-bee3-0ee68b92fd17,977a4df7-0434-4901-bf63-8a0d9ff8c16a,30fa836d-be81-4f6e-acd6-c821c4d3a96a,
tch_20200710-165305_78,cc79980d-c2a3-11ea-96b3-0242ac110002,std_1594381935967_78,class_20200710-165305_78,E98M-vMKi,13fb90fb-ee8c-4d7d-9e02-36ccd7f32ae2,c1115ce5-b7f9-47a5-86a7-c048027df951,4f7acf14-e12a-4146-b74e-4fb50586b019,adf1bc40-4ec2-44f1-909f-78ea125d5179,5c04c29d-777e-414f-abd2-583e74b116e3,
tch_20200710-165305_89,ce9302aa-c2a3-11ea-89f8-0242ac110002,std_1594381939487_89,class_20200710-165305_89,m7Nu-4dmo,b184bb5b-1fa2-4890-930d-2a8cea77a6ea,dcebd4c9-bfdc-4225-a600-851f921fb36d,4d95c5ac-6a3c-4036-bc85-ba472d1218ac,9f97ddd3-267c-4ba2-90a4-789cd88e94f2,5b9483be-9c1f-4101-baa7-139974e3c2c2,
tch_20200710-165305_80,cfcb8268-c2a3-11ea-acee-0242ac110002,std_1594381941527_80,class_20200710-165305_80,aV4j-THZz,d8f24ddb-d531-4df8-94d5-46f6a3de6aa0,fa0afb60-d2d5-4d65-a310-e0b77c73ac28,cfe10b0a-b080-4634-aa09-fd0a5d673b28,566bb1c1-a037-4867-ad94-fca6de111785,d56f92ea-1d01-4611-858e-4a38e337c246,
tch_20200710-165305_87,d006de2a-c2a3-11ea-af23-0242ac110002,std_1594381941926_87,class_20200710-165305_87,fNH7-w7Zc,d7b1d1a3-b27e-4c63-978b-c26cd23adb9d,1aa5c3be-9cbf-4230-945c-dd4e990dbc70,f3574588-3bf1-44a8-aa7b-0014e4f86a95,94c5fd94-624a-4a24-89b4-44fb95395fc9,393a92bb-0d1d-4c4f-9b63-84c585226266,
tch_20200710-165305_73,d29cf241-c2a3-11ea-acee-0242ac110002,std_1594381946252_73,class_20200710-165305_73,FcKF-Uptj,8d3a6731-391f-40de-b46c-847e63bd4623,4cc0a81b-d79e-4536-8f20-d64d5f037fae,a92a7fe2-1950-498b-bf60-8dfb206eebc1,d9aa7eb4-ec5b-4119-bafc-b468a39229f8,747beba2-cca1-410b-a25a-1f06c53cf685,
tch_20200710-165305_94,d1b80fab-c2a3-11ea-af23-0242ac110002,std_1594381944464_94,class_20200710-165305_94,9pW8-43Ef,6b0f4210-f549-42f2-8c2b-c6ba8ee79333,2345a93e-aa15-4472-9681-aecd4d8497ed,d1f2f7ec-e648-4986-82e1-7cf1cd507ef2,b964f73b-6a94-404b-84fc-77693b2a4d2c,38061fff-2e17-4e29-9018-50b01a390577,
tch_20200710-165305_84,d206f31a-c2a3-11ea-89f8-0242ac110002,std_1594381945279_84,class_20200710-165305_84,7F6x-RhY7,c644309e-b41a-4360-8093-54d0fb93d28b,04942e49-89a0-4f5d-9b39-1f84e13d4a70,82b6b1e3-d4b6-4673-9eef-736a905156c2,63593b04-d0bc-4d2b-ac56-f936547f0195,f2e8a383-10a4-4dfb-8682-7068530ceda7,
tch_20200710-165305_74,d2fdd669-c2a3-11ea-89f8-0242ac110002,std_1594381946902_74,class_20200710-165305_74,4h73-wd73,6605713c-56e6-44a3-8a47-6c0629bb90d8,ff3d34eb-cc58-491c-bc52-8ab8ac8c2bf1,7b12afab-0411-43b4-becf-0069c4ae3ebb,7353cc62-5a56-4c33-9dec-09bf3c94504b,26140169-7f6d-42d5-86c2-92c2921c976f,
tch_20200710-165305_86,d5697f43-c2a3-11ea-acee-0242ac110002,std_1594381950957_86,class_20200710-165305_86,u63e-Gi9s,901044aa-947c-4639-a749-e7b5aee3fb32,7e774dc8-6167-45e8-86db-575f35972df8,ba595de8-0f6d-4da6-bb08-7b94cfbf4460,222db709-410a-48d2-882a-f223e5bf22dd,c930cc8b-c335-469b-aaa7-a42b3975cac5,
tch_20200710-165305_76,d454b413-c2a3-11ea-acee-0242ac110002,std_1594381949158_76,class_20200710-165305_76,2627-A93L,ed22bdbb-0211-4899-bb01-990ef17deecd,afe78bf0-e43f-4408-973e-306502c147fd,70aaaf85-2a2e-431c-b926-f591338349e3,96c18eaf-1437-4918-bd08-5975217244b7,860da56b-fd87-4b0d-82dc-672eb77555de,
tch_20200710-165305_90,d32bc3fa-c2a3-11ea-af23-0242ac110002,std_1594381947190_90,class_20200710-165305_90,GV7V-4cMF,fa8729bf-1868-42b8-971b-e91e1a83dde8,d5518da6-5d45-43a8-931f-b90ba1eda9e1,83a34b8f-8820-4628-b166-49e53d9c7932,9d64def0-9f5b-4e14-952e-dac91e48846d,f2db0845-9803-465e-a11d-aeb8cff1c3e8,
tch_20200710-165305_93,d5a465d2-c2a3-11ea-acee-0242ac110002,std_1594381951257_93,class_20200710-165305_93,NKM8-ETL8,f2d6615e-b121-4d35-9c55-8a928a6440ee,adda878c-bc3b-4b8d-88e4-50d7028b3be6,b183bb6c-064a-476b-b2bd-79c9a0cb0baa,0f1bd83c-12c1-4fab-be78-46d5ce28b914,18893546-9463-4f25-9cf8-366bd9a5f218,
tch_20200710-165305_81,d5f0fedf-c2a3-11ea-96b3-0242ac110002,std_1594381951840_81,class_20200710-165305_81,bGfB-uTRe,fbf2f096-f1eb-4f92-8682-f8f7466a6ee5,731024c7-240d-4fca-b4db-e0337125d9dc,9062f563-1994-405b-a9c2-e703fbfe737e,d60e96e3-0dba-488f-a932-8c7baee5802c,1bd3aa32-463c-47f1-96e3-b273a5d9258a,
tch_20200710-165305_88,d7587e2b-c2a3-11ea-af23-0242ac110002,std_1594381954194_88,class_20200710-165305_88,z6D8-2R97,79fd2478-ca6d-49c2-94e9-3c7aef1d3b6f,6926c15b-0b03-4eca-b8e5-56773497d398,4ed58d47-624e-4fe2-b481-c01b91e43372,0bc70378-8b2d-4c25-8978-31c120c1cc60,60aa5d10-4a60-4566-918d-cd1464b01d35,
tch_20200710-165305_71,d4325ec7-c2a3-11ea-89f8-0242ac110002,std_1594381948907_71,class_20200710-165305_71,3Myu-6wFc,d4ac39c9-d851-493e-80b1-701c184eeee1,c474fa58-c198-4f68-9a48-6205b0f6220c,d8e5be2d-5f9e-4401-aa48-3656de183c78,3f62b1a0-0cc8-4dfe-8c36-0ba41d34d876,8fec0bd4-8e91-4462-ae84-f9e9ffa517d9,
tch_20200710-165305_72,d8e1417b-c2a3-11ea-acee-0242ac110002,std_1594381956791_72,class_20200710-165305_72,XqJ3-FmKc,34e770d0-4922-4ba9-a2c1-09ec0bdcae96,875edea8-1c38-41f4-bfcf-524200ae0f03,1f41c443-2592-4f77-8c22-33f2cbd3d295,e294e4fd-9ceb-4c12-a81d-c575d8c2e69d,0540d470-8f49-4727-bd00-70bcbea88b73,
tch_20200710-165305_85,d5f2105f-c2a3-11ea-acee-0242ac110002,std_1594381951864_85,class_20200710-165305_85,qZz9-rihD,01de1cca-e69c-4a96-95ac-27803c40669e,01624a46-e815-456a-a972-fd56987f6c9c,5121933c-a509-45d3-bb01-e211c96c30e6,e998e11e-914c-4e8d-8ad8-9c94bfde197d,131d82d2-9c4a-46e8-8d90-71fef6727621,
tch_20200710-165305_82,d8fb0b07-c2a3-11ea-af23-0242ac110002,std_1594381956928_82,class_20200710-165305_82,cbcL-V3f4,e6bac226-444d-4700-a9eb-dfccdec84136,0ce11734-36be-420a-a15f-a86ead60cec7,885e0ffd-ea47-4262-ab8e-48f50e0deb6c,c17a7071-0b54-4f4a-aa46-0400d43e27f5,387fb081-8962-4dbc-8154-d26282c18589,
tch_20200710-165305_79,d967af4f-c2a3-11ea-96b3-0242ac110002,std_1594381957649_79,class_20200710-165305_79,4u3g-2Q6c,b59a35bf-2abd-4c26-bba9-a5e78c1dd979,399bf06d-772b-4c6e-bebf-0d3e4cb56f05,b203d5e5-94d3-4ff8-a2e0-71596a30f6cb,886dd65d-f6ca-4a73-88c6-05a58039baaf,29c11558-cf22-4470-b8c7-53a9a504f781,
tch_20200710-165305_83,d6e39c09-c2a3-11ea-96b3-0242ac110002,std_1594381953450_83,class_20200710-165305_83,g49z-qdwv,33cb695b-569b-4d2e-b8f4-525a4c4947ee,e4088881-3ef5-45a3-a465-988e418488e7,18130c2c-c45c-4a87-9bd0-2b781dff95ba,765b90e3-5ccf-4378-8d2d-b956da116903,02703037-dda6-4b4c-a5c8-3ee1f56fec55,
tch_20200710-165305_91,d7e072b5-c2a3-11ea-acee-0242ac110002,std_1594381955073_91,class_20200710-165305_91,eu7U-DE26,9c0f307e-a77a-4a45-9d27-d5cf90712c4c,d66fc219-2d1e-4fed-9839-02c48a64bd86,784a66a9-7e0f-42f0-b08b-e6f68b40ff20,1ba2b96b-c1d1-41d0-9160-98f0bc82d4e8,772dc2b6-bc3b-4a6a-94fb-f66891d93595,
tch_20200710-165305_75,d973e464-c2a3-11ea-acee-0242ac110002,std_1594381957746_75,class_20200710-165305_75,7dNR-H6m7,ff87c64b-05e8-4924-b075-308df0e4e83a,e086cf56-a4b1-44c0-9f99-2d85dbebb66f,7984415a-9b95-4ae0-bef1-8a1dd0124943,78a5ebdf-7351-4261-be66-9150dbdf6293,379bc005-6c55-4140-847e-f49b44cfaba3,
tch_20200710-165305_92,d7847098-c2a3-11ea-af23-0242ac110002,std_1594381954494_92,class_20200710-165305_92,F3EP-9xw3,2e3c7014-d7ad-4dcc-9463-7fce479e4017,41f373f3-b43d-4488-aab4-482fba8858a4,3b29c6d1-aede-4d36-95b1-eb346566875b,11980cb0-d34c-406d-9bf0-7e52ceed9f73,a63f7d46-71c0-446e-b844-ec99a71ff090,
tch_20200710-165305_78,dbc0933b-c2a3-11ea-af23-0242ac110002,std_1594381961603_78,class_20200710-165305_78,E98M-vMKi,13fb90fb-ee8c-4d7d-9e02-36ccd7f32ae2,c1115ce5-b7f9-47a5-86a7-c048027df951,4f7acf14-e12a-4146-b74e-4fb50586b019,adf1bc40-4ec2-44f1-909f-78ea125d5179,5c04c29d-777e-414f-abd2-583e74b116e3,
tch_20200710-165305_77,da3c8b54-c2a3-11ea-96b3-0242ac110002,std_1594381958978_77,class_20200710-165305_77,VTvH-9Xhi,e9bd7f4e-22d1-4bd9-bbd6-f57c2ff2dc7d,760dc93d-8f32-4126-9cdf-41053983660b,ed5b1377-e8af-40b4-9de9-c47a26975154,e563823b-f8cf-49ff-bd94-fc58b245e68c,91137241-6c18-4a05-80e7-52fe2777a1ab,
tch_20200710-165305_89,dc0d5355-c2a3-11ea-acee-0242ac110002,std_1594381962099_89,class_20200710-165305_89,m7Nu-4dmo,b184bb5b-1fa2-4890-930d-2a8cea77a6ea,dcebd4c9-bfdc-4225-a600-851f921fb36d,4d95c5ac-6a3c-4036-bc85-ba472d1218ac,9f97ddd3-267c-4ba2-90a4-789cd88e94f2,5b9483be-9c1f-4101-baa7-139974e3c2c2,
tch_20200710-165305_80,dc26f600-c2a3-11ea-96b3-0242ac110002,std_1594381962273_80,class_20200710-165305_80,aV4j-THZz,d8f24ddb-d531-4df8-94d5-46f6a3de6aa0,fa0afb60-d2d5-4d65-a310-e0b77c73ac28,cfe10b0a-b080-4634-aa09-fd0a5d673b28,566bb1c1-a037-4867-ad94-fca6de111785,d56f92ea-1d01-4611-858e-4a38e337c246,
tch_20200710-165305_87,dcfedf1a-c2a3-11ea-96b3-0242ac110002,std_1594381963664_87,class_20200710-165305_87,fNH7-w7Zc,d7b1d1a3-b27e-4c63-978b-c26cd23adb9d,1aa5c3be-9cbf-4230-945c-dd4e990dbc70,f3574588-3bf1-44a8-aa7b-0014e4f86a95,94c5fd94-624a-4a24-89b4-44fb95395fc9,393a92bb-0d1d-4c4f-9b63-84c585226266,
tch_20200710-165305_73,deb58fc9-c2a3-11ea-acee-0242ac110002,std_1594381966555_73,class_20200710-165305_73,FcKF-Uptj,8d3a6731-391f-40de-b46c-847e63bd4623,4cc0a81b-d79e-4536-8f20-d64d5f037fae,a92a7fe2-1950-498b-bf60-8dfb206eebc1,d9aa7eb4-ec5b-4119-bafc-b468a39229f8,747beba2-cca1-410b-a25a-1f06c53cf685,
tch_20200710-165305_94,e0f45d03-c2a3-11ea-89f8-0242ac110002,std_1594381970276_94,class_20200710-165305_94,9pW8-43Ef,6b0f4210-f549-42f2-8c2b-c6ba8ee79333,2345a93e-aa15-4472-9681-aecd4d8497ed,d1f2f7ec-e648-4986-82e1-7cf1cd507ef2,b964f73b-6a94-404b-84fc-77693b2a4d2c,38061fff-2e17-4e29-9018-50b01a390577,
tch_20200710-165305_76,e2fc1318-c2a3-11ea-acee-0242ac110002,std_1594381973695_76,class_20200710-165305_76,2627-A93L,ed22bdbb-0211-4899-bb01-990ef17deecd,afe78bf0-e43f-4408-973e-306502c147fd,70aaaf85-2a2e-431c-b926-f591338349e3,96c18eaf-1437-4918-bd08-5975217244b7,860da56b-fd87-4b0d-82dc-672eb77555de,
tch_20200710-165305_74,e1168a65-c2a3-11ea-89f8-0242ac110002,std_1594381970550_74,class_20200710-165305_74,4h73-wd73,6605713c-56e6-44a3-8a47-6c0629bb90d8,ff3d34eb-cc58-491c-bc52-8ab8ac8c2bf1,7b12afab-0411-43b4-becf-0069c4ae3ebb,7353cc62-5a56-4c33-9dec-09bf3c94504b,26140169-7f6d-42d5-86c2-92c2921c976f,
tch_20200710-165305_90,e34307d9-c2a3-11ea-89f8-0242ac110002,std_1594381974205_90,class_20200710-165305_90,GV7V-4cMF,fa8729bf-1868-42b8-971b-e91e1a83dde8,d5518da6-5d45-43a8-931f-b90ba1eda9e1,83a34b8f-8820-4628-b166-49e53d9c7932,9d64def0-9f5b-4e14-952e-dac91e48846d,f2db0845-9803-465e-a11d-aeb8cff1c3e8,
tch_20200710-165305_86,e2358f08-c2a3-11ea-96b3-0242ac110002,std_1594381972419_86,class_20200710-165305_86,u63e-Gi9s,901044aa-947c-4639-a749-e7b5aee3fb32,7e774dc8-6167-45e8-86db-575f35972df8,ba595de8-0f6d-4da6-bb08-7b94cfbf4460,222db709-410a-48d2-882a-f223e5bf22dd,c930cc8b-c335-469b-aaa7-a42b3975cac5,
tch_20200710-165305_84,e0f40e7f-c2a3-11ea-acee-0242ac110002,std_1594381970307_84,class_20200710-165305_84,7F6x-RhY7,c644309e-b41a-4360-8093-54d0fb93d28b,04942e49-89a0-4f5d-9b39-1f84e13d4a70,82b6b1e3-d4b6-4673-9eef-736a905156c2,63593b04-d0bc-4d2b-ac56-f936547f0195,f2e8a383-10a4-4dfb-8682-7068530ceda7,
tch_20200710-165305_95,e04f915e-c2a3-11ea-96b3-0242ac110002,std_1594381968964_95,class_20200710-165305_95,BfD9-UNek,f6451437-4c05-4d52-94a7-1b44a3a8d119,f5705741-7c94-4dcc-80ef-782714138eb4,12271f58-01d0-427d-87dd-72a1c5ea58ad,56c18698-d911-4732-887d-b048a2df146b,947ffe60-35d3-448c-989a-1737fbc20cf2,
tch_20200710-165305_81,e363fcd1-c2a3-11ea-89f8-0242ac110002,std_1594381974401_81,class_20200710-165305_81,bGfB-uTRe,fbf2f096-f1eb-4f92-8682-f8f7466a6ee5,731024c7-240d-4fca-b4db-e0337125d9dc,9062f563-1994-405b-a9c2-e703fbfe737e,d60e96e3-0dba-488f-a932-8c7baee5802c,1bd3aa32-463c-47f1-96e3-b273a5d9258a,
tch_20200710-165305_71,e3b85e8e-c2a3-11ea-af23-0242ac110002,std_1594381974955_71,class_20200710-165305_71,3Myu-6wFc,d4ac39c9-d851-493e-80b1-701c184eeee1,c474fa58-c198-4f68-9a48-6205b0f6220c,d8e5be2d-5f9e-4401-aa48-3656de183c78,3f62b1a0-0cc8-4dfe-8c36-0ba41d34d876,8fec0bd4-8e91-4462-ae84-f9e9ffa517d9,
tch_20200710-165305_82,e559d9f0-c2a3-11ea-96b3-0242ac110002,std_1594381977707_82,class_20200710-165305_82,cbcL-V3f4,e6bac226-444d-4700-a9eb-dfccdec84136,0ce11734-36be-420a-a15f-a86ead60cec7,885e0ffd-ea47-4262-ab8e-48f50e0deb6c,c17a7071-0b54-4f4a-aa46-0400d43e27f5,387fb081-8962-4dbc-8154-d26282c18589,
tch_20200710-165305_85,e538bcf9-c2a3-11ea-96b3-0242ac110002,std_1594381977498_85,class_20200710-165305_85,qZz9-rihD,01de1cca-e69c-4a96-95ac-27803c40669e,01624a46-e815-456a-a972-fd56987f6c9c,5121933c-a509-45d3-bb01-e211c96c30e6,e998e11e-914c-4e8d-8ad8-9c94bfde197d,131d82d2-9c4a-46e8-8d90-71fef6727621,
tch_20200710-165305_93,e3599ca2-c2a3-11ea-af23-0242ac110002,std_1594381974352_93,class_20200710-165305_93,NKM8-ETL8,f2d6615e-b121-4d35-9c55-8a928a6440ee,adda878c-bc3b-4b8d-88e4-50d7028b3be6,b183bb6c-064a-476b-b2bd-79c9a0cb0baa,0f1bd83c-12c1-4fab-be78-46d5ce28b914,18893546-9463-4f25-9cf8-366bd9a5f218,
tch_20200710-165305_88,e377faa7-c2a3-11ea-af23-0242ac110002,std_1594381974534_88,class_20200710-165305_88,z6D8-2R97,79fd2478-ca6d-49c2-94e9-3c7aef1d3b6f,6926c15b-0b03-4eca-b8e5-56773497d398,4ed58d47-624e-4fe2-b481-c01b91e43372,0bc70378-8b2d-4c25-8978-31c120c1cc60,60aa5d10-4a60-4566-918d-cd1464b01d35,
tch_20200710-165305_79,e5881559-c2a3-11ea-96b3-0242ac110002,std_1594381978021_79,class_20200710-165305_79,4u3g-2Q6c,b59a35bf-2abd-4c26-bba9-a5e78c1dd979,399bf06d-772b-4c6e-bebf-0d3e4cb56f05,b203d5e5-94d3-4ff8-a2e0-71596a30f6cb,886dd65d-f6ca-4a73-88c6-05a58039baaf,29c11558-cf22-4470-b8c7-53a9a504f781,
tch_20200710-165305_72,e4b0a0e1-c2a3-11ea-af23-0242ac110002,std_1594381976574_72,class_20200710-165305_72,XqJ3-FmKc,34e770d0-4922-4ba9-a2c1-09ec0bdcae96,875edea8-1c38-41f4-bfcf-524200ae0f03,1f41c443-2592-4f77-8c22-33f2cbd3d295,e294e4fd-9ceb-4c12-a81d-c575d8c2e69d,0540d470-8f49-4727-bd00-70bcbea88b73,
tch_20200710-165305_91,e5a3b3a2-c2a3-11ea-89f8-0242ac110002,std_1594381978170_91,class_20200710-165305_91,eu7U-DE26,9c0f307e-a77a-4a45-9d27-d5cf90712c4c,d66fc219-2d1e-4fed-9839-02c48a64bd86,784a66a9-7e0f-42f0-b08b-e6f68b40ff20,1ba2b96b-c1d1-41d0-9160-98f0bc82d4e8,772dc2b6-bc3b-4a6a-94fb-f66891d93595,
tch_20200710-165305_83,e5a1df7c-c2a3-11ea-acee-0242ac110002,std_1594381978164_83,class_20200710-165305_83,g49z-qdwv,33cb695b-569b-4d2e-b8f4-525a4c4947ee,e4088881-3ef5-45a3-a465-988e418488e7,18130c2c-c45c-4a87-9bd0-2b781dff95ba,765b90e3-5ccf-4378-8d2d-b956da116903,02703037-dda6-4b4c-a5c8-3ee1f56fec55,
tch_20200710-165305_75,e60ed17e-c2a3-11ea-89f8-0242ac110002,std_1594381978867_75,class_20200710-165305_75,7dNR-H6m7,ff87c64b-05e8-4924-b075-308df0e4e83a,e086cf56-a4b1-44c0-9f99-2d85dbebb66f,7984415a-9b95-4ae0-bef1-8a1dd0124943,78a5ebdf-7351-4261-be66-9150dbdf6293,379bc005-6c55-4140-847e-f49b44cfaba3,
tch_20200710-165305_96,e7e95e65-c2a3-11ea-96b3-0242ac110002,std_1594381981667_96,class_20200710-165305_96,49ZV-9t8Z,99b20b52-a202-4183-a2d9-5e2b9fba8416,6c248528-4cad-4558-a282-3a4c913579ee,f1eb3e63-c89c-4736-a4b9-1c3da1783c47,4fa27476-8815-46da-b37c-ceaff2a4f78e,6b892e88-9f78-4d63-a845-6ae1d3397912,
tch_20200710-165305_92,e67dc086-c2a3-11ea-96b3-0242ac110002,std_1594381979596_92,class_20200710-165305_92,F3EP-9xw3,2e3c7014-d7ad-4dcc-9463-7fce479e4017,41f373f3-b43d-4488-aab4-482fba8858a4,3b29c6d1-aede-4d36-95b1-eb346566875b,11980cb0-d34c-406d-9bf0-7e52ceed9f73,a63f7d46-71c0-446e-b844-ec99a71ff090,
tch_20200710-165305_77,e92d76ce-c2a3-11ea-af23-0242ac110002,std_1594381984121_77,class_20200710-165305_77,VTvH-9Xhi,e9bd7f4e-22d1-4bd9-bbd6-f57c2ff2dc7d,760dc93d-8f32-4126-9cdf-41053983660b,ed5b1377-e8af-40b4-9de9-c47a26975154,e563823b-f8cf-49ff-bd94-fc58b245e68c,91137241-6c18-4a05-80e7-52fe2777a1ab,
tch_20200710-165305_78,e830527c-c2a3-11ea-89f8-0242ac110002,std_1594381982461_78,class_20200710-165305_78,E98M-vMKi,13fb90fb-ee8c-4d7d-9e02-36ccd7f32ae2,c1115ce5-b7f9-47a5-86a7-c048027df951,4f7acf14-e12a-4146-b74e-4fb50586b019,adf1bc40-4ec2-44f1-909f-78ea125d5179,5c04c29d-777e-414f-abd2-583e74b116e3,
tch_20200710-165305_89,ea56db94-c2a3-11ea-af23-0242ac110002,std_1594381986071_89,class_20200710-165305_89,m7Nu-4dmo,b184bb5b-1fa2-4890-930d-2a8cea77a6ea,dcebd4c9-bfdc-4225-a600-851f921fb36d,4d95c5ac-6a3c-4036-bc85-ba472d1218ac,9f97ddd3-267c-4ba2-90a4-789cd88e94f2,5b9483be-9c1f-4101-baa7-139974e3c2c2,
tch_20200710-165305_80,eadbea6b-c2a3-11ea-af23-0242ac110002,std_1594381986901_80,class_20200710-165305_80,aV4j-THZz,d8f24ddb-d531-4df8-94d5-46f6a3de6aa0,fa0afb60-d2d5-4d65-a310-e0b77c73ac28,cfe10b0a-b080-4634-aa09-fd0a5d673b28,566bb1c1-a037-4867-ad94-fca6de111785,d56f92ea-1d01-4611-858e-4a38e337c246,
tch_20200710-165305_94,ede0ed27-c2a3-11ea-af23-0242ac110002,std_1594381992006_94,class_20200710-165305_94,9pW8-43Ef,6b0f4210-f549-42f2-8c2b-c6ba8ee79333,2345a93e-aa15-4472-9681-aecd4d8497ed,d1f2f7ec-e648-4986-82e1-7cf1cd507ef2,b964f73b-6a94-404b-84fc-77693b2a4d2c,38061fff-2e17-4e29-9018-50b01a390577,
tch_20200710-165305_87,ed0cac9b-c2a3-11ea-acee-0242ac110002,std_1594381990614_87,class_20200710-165305_87,fNH7-w7Zc,d7b1d1a3-b27e-4c63-978b-c26cd23adb9d,1aa5c3be-9cbf-4230-945c-dd4e990dbc70,f3574588-3bf1-44a8-aa7b-0014e4f86a95,94c5fd94-624a-4a24-89b4-44fb95395fc9,393a92bb-0d1d-4c4f-9b63-84c585226266,
tch_20200710-165305_76,ee9ee53b-c2a3-11ea-89f8-0242ac110002,std_1594381993226_76,class_20200710-165305_76,2627-A93L,ed22bdbb-0211-4899-bb01-990ef17deecd,afe78bf0-e43f-4408-973e-306502c147fd,70aaaf85-2a2e-431c-b926-f591338349e3,96c18eaf-1437-4918-bd08-5975217244b7,860da56b-fd87-4b0d-82dc-672eb77555de,
tch_20200710-165305_74,ef0c9b2a-c2a3-11ea-acee-0242ac110002,std_1594381993977_74,class_20200710-165305_74,4h73-wd73,6605713c-56e6-44a3-8a47-6c0629bb90d8,ff3d34eb-cc58-491c-bc52-8ab8ac8c2bf1,7b12afab-0411-43b4-becf-0069c4ae3ebb,7353cc62-5a56-4c33-9dec-09bf3c94504b,26140169-7f6d-42d5-86c2-92c2921c976f,
tch_20200710-165305_73,ed2bcd48-c2a3-11ea-89f8-0242ac110002,std_1594381990821_73,class_20200710-165305_73,FcKF-Uptj,8d3a6731-391f-40de-b46c-847e63bd4623,4cc0a81b-d79e-4536-8f20-d64d5f037fae,a92a7fe2-1950-498b-bf60-8dfb206eebc1,d9aa7eb4-ec5b-4119-bafc-b468a39229f8,747beba2-cca1-410b-a25a-1f06c53cf685,
tch_20200710-165305_90,ef59356e-c2a3-11ea-af23-0242ac110002,std_1594381994431_90,class_20200710-165305_90,GV7V-4cMF,fa8729bf-1868-42b8-971b-e91e1a83dde8,d5518da6-5d45-43a8-931f-b90ba1eda9e1,83a34b8f-8820-4628-b166-49e53d9c7932,9d64def0-9f5b-4e14-952e-dac91e48846d,f2db0845-9803-465e-a11d-aeb8cff1c3e8,
tch_20200710-165305_82,f0f420b0-c2a3-11ea-acee-0242ac110002,std_1594381997156_82,class_20200710-165305_82,cbcL-V3f4,e6bac226-444d-4700-a9eb-dfccdec84136,0ce11734-36be-420a-a15f-a86ead60cec7,885e0ffd-ea47-4262-ab8e-48f50e0deb6c,c17a7071-0b54-4f4a-aa46-0400d43e27f5,387fb081-8962-4dbc-8154-d26282c18589,
tch_20200710-165305_93,f18bf3ba-c2a3-11ea-89f8-0242ac110002,std_1594381998105_93,class_20200710-165305_93,NKM8-ETL8,f2d6615e-b121-4d35-9c55-8a928a6440ee,adda878c-bc3b-4b8d-88e4-50d7028b3be6,b183bb6c-064a-476b-b2bd-79c9a0cb0baa,0f1bd83c-12c1-4fab-be78-46d5ce28b914,18893546-9463-4f25-9cf8-366bd9a5f218,
tch_20200710-165305_84,f01706b9-c2a3-11ea-acee-0242ac110002,std_1594381995717_84,class_20200710-165305_84,7F6x-RhY7,c644309e-b41a-4360-8093-54d0fb93d28b,04942e49-89a0-4f5d-9b39-1f84e13d4a70,82b6b1e3-d4b6-4673-9eef-736a905156c2,63593b04-d0bc-4d2b-ac56-f936547f0195,f2e8a383-10a4-4dfb-8682-7068530ceda7,
tch_20200710-165305_91,f246df2c-c2a3-11ea-96b3-0242ac110002,std_1594381999387_91,class_20200710-165305_91,eu7U-DE26,9c0f307e-a77a-4a45-9d27-d5cf90712c4c,d66fc219-2d1e-4fed-9839-02c48a64bd86,784a66a9-7e0f-42f0-b08b-e6f68b40ff20,1ba2b96b-c1d1-41d0-9160-98f0bc82d4e8,772dc2b6-bc3b-4a6a-94fb-f66891d93595,
tch_20200710-165305_88,f1dcabff-c2a3-11ea-96b3-0242ac110002,std_1594381998676_88,class_20200710-165305_88,z6D8-2R97,79fd2478-ca6d-49c2-94e9-3c7aef1d3b6f,6926c15b-0b03-4eca-b8e5-56773497d398,4ed58d47-624e-4fe2-b481-c01b91e43372,0bc70378-8b2d-4c25-8978-31c120c1cc60,60aa5d10-4a60-4566-918d-cd1464b01d35,
tch_20200710-165305_79,f20ae77a-c2a3-11ea-acee-0242ac110002,std_1594381999001_79,class_20200710-165305_79,4u3g-2Q6c,b59a35bf-2abd-4c26-bba9-a5e78c1dd979,399bf06d-772b-4c6e-bebf-0d3e4cb56f05,b203d5e5-94d3-4ff8-a2e0-71596a30f6cb,886dd65d-f6ca-4a73-88c6-05a58039baaf,29c11558-cf22-4470-b8c7-53a9a504f781,
tch_20200710-165305_85,f10c8a10-c2a3-11ea-89f8-0242ac110002,std_1594381997320_85,class_20200710-165305_85,qZz9-rihD,01de1cca-e69c-4a96-95ac-27803c40669e,01624a46-e815-456a-a972-fd56987f6c9c,5121933c-a509-45d3-bb01-e211c96c30e6,e998e11e-914c-4e8d-8ad8-9c94bfde197d,131d82d2-9c4a-46e8-8d90-71fef6727621,
tch_20200710-165305_81,f04da6bc-c2a3-11ea-acee-0242ac110002,std_1594381996070_81,class_20200710-165305_81,bGfB-uTRe,fbf2f096-f1eb-4f92-8682-f8f7466a6ee5,731024c7-240d-4fca-b4db-e0337125d9dc,9062f563-1994-405b-a9c2-e703fbfe737e,d60e96e3-0dba-488f-a932-8c7baee5802c,1bd3aa32-463c-47f1-96e3-b273a5d9258a,
tch_20200710-165305_95,f034eec3-c2a3-11ea-89f8-0242ac110002,std_1594381995896_95,class_20200710-165305_95,BfD9-UNek,f6451437-4c05-4d52-94a7-1b44a3a8d119,f5705741-7c94-4dcc-80ef-782714138eb4,12271f58-01d0-427d-87dd-72a1c5ea58ad,56c18698-d911-4732-887d-b048a2df146b,947ffe60-35d3-448c-989a-1737fbc20cf2,
tch_20200710-165305_86,ef93ccca-c2a3-11ea-89f8-0242ac110002,std_1594381994868_86,class_20200710-165305_86,u63e-Gi9s,901044aa-947c-4639-a749-e7b5aee3fb32,7e774dc8-6167-45e8-86db-575f35972df8,ba595de8-0f6d-4da6-bb08-7b94cfbf4460,222db709-410a-48d2-882a-f223e5bf22dd,c930cc8b-c335-469b-aaa7-a42b3975cac5,
tch_20200710-165305_83,f28b3b29-c2a3-11ea-af23-0242ac110002,std_1594381999838_83,class_20200710-165305_83,g49z-qdwv,33cb695b-569b-4d2e-b8f4-525a4c4947ee,e4088881-3ef5-45a3-a465-988e418488e7,18130c2c-c45c-4a87-9bd0-2b781dff95ba,765b90e3-5ccf-4378-8d2d-b956da116903,02703037-dda6-4b4c-a5c8-3ee1f56fec55,
tch_20200710-165305_97,f3cfa18b-c2a3-11ea-96b3-0242ac110002,std_1594382001659_97,class_20200710-165305_97,M8my-Uih6,c0a9f140-cf7d-4eb1-ae4f-bea1a3ca417b,7eef1a9e-2863-4751-921f-912fb1af5d6b,4c4e0b18-bf22-463f-acc3-26e325d227e6,8c1c0264-37c6-44c9-8eca-bb888d6a5e2a,9a164974-7404-4207-b818-50d54c967c61,
tch_20200710-165305_75,f3afbe4a-c2a3-11ea-89f8-0242ac110002,std_1594382001755_75,class_20200710-165305_75,7dNR-H6m7,ff87c64b-05e8-4924-b075-308df0e4e83a,e086cf56-a4b1-44c0-9f99-2d85dbebb66f,7984415a-9b95-4ae0-bef1-8a1dd0124943,78a5ebdf-7351-4261-be66-9150dbdf6293,379bc005-6c55-4140-847e-f49b44cfaba3,
tch_20200710-165305_96,f3e1ca39-c2a3-11ea-acee-0242ac110002,std_1594382002075_96,class_20200710-165305_96,49ZV-9t8Z,99b20b52-a202-4183-a2d9-5e2b9fba8416,6c248528-4cad-4558-a282-3a4c913579ee,f1eb3e63-c89c-4736-a4b9-1c3da1783c47,4fa27476-8815-46da-b37c-ceaff2a4f78e,6b892e88-9f78-4d63-a845-6ae1d3397912,
tch_20200710-165305_92,f467eace-c2a3-11ea-96b3-0242ac110002,std_1594382002916_92,class_20200710-165305_92,F3EP-9xw3,2e3c7014-d7ad-4dcc-9463-7fce479e4017,41f373f3-b43d-4488-aab4-482fba8858a4,3b29c6d1-aede-4d36-95b1-eb346566875b,11980cb0-d34c-406d-9bf0-7e52ceed9f73,a63f7d46-71c0-446e-b844-ec99a71ff090,
tch_20200710-165305_78,f6f1c902-c2a3-11ea-acee-0242ac110002,std_1594382007208_78,class_20200710-165305_78,E98M-vMKi,13fb90fb-ee8c-4d7d-9e02-36ccd7f32ae2,c1115ce5-b7f9-47a5-86a7-c048027df951,4f7acf14-e12a-4146-b74e-4fb50586b019,adf1bc40-4ec2-44f1-909f-78ea125d5179,5c04c29d-777e-414f-abd2-583e74b116e3,
tch_20200710-165305_77,f69d19ea-c2a3-11ea-89f8-0242ac110002,std_1594382006651_77,class_20200710-165305_77,VTvH-9Xhi,e9bd7f4e-22d1-4bd9-bbd6-f57c2ff2dc7d,760dc93d-8f32-4126-9cdf-41053983660b,ed5b1377-e8af-40b4-9de9-c47a26975154,e563823b-f8cf-49ff-bd94-fc58b245e68c,91137241-6c18-4a05-80e7-52fe2777a1ab,
tch_20200710-165305_89,f8caa803-c2a3-11ea-acee-0242ac110002,std_1594382010319_89,class_20200710-165305_89,m7Nu-4dmo,b184bb5b-1fa2-4890-930d-2a8cea77a6ea,dcebd4c9-bfdc-4225-a600-851f921fb36d,4d95c5ac-6a3c-4036-bc85-ba472d1218ac,9f97ddd3-267c-4ba2-90a4-789cd88e94f2,5b9483be-9c1f-4101-baa7-139974e3c2c2,
tch_20200710-165305_80,f9f656f2-c2a3-11ea-89f8-0242ac110002,std_1594382012249_80,class_20200710-165305_80,aV4j-THZz,d8f24ddb-d531-4df8-94d5-46f6a3de6aa0,fa0afb60-d2d5-4d65-a310-e0b77c73ac28,cfe10b0a-b080-4634-aa09-fd0a5d673b28,566bb1c1-a037-4867-ad94-fca6de111785,d56f92ea-1d01-4611-858e-4a38e337c246,
tch_20200710-165305_76,fb666190-c2a3-11ea-af23-0242ac110002,std_1594382014705_76,class_20200710-165305_76,2627-A93L,ed22bdbb-0211-4899-bb01-990ef17deecd,afe78bf0-e43f-4408-973e-306502c147fd,70aaaf85-2a2e-431c-b926-f591338349e3,96c18eaf-1437-4918-bd08-5975217244b7,860da56b-fd87-4b0d-82dc-672eb77555de,
tch_20200710-165305_90,fcdc3909-c2a3-11ea-96b3-0242ac110002,std_1594382017146_90,class_20200710-165305_90,GV7V-4cMF,fa8729bf-1868-42b8-971b-e91e1a83dde8,d5518da6-5d45-43a8-931f-b90ba1eda9e1,83a34b8f-8820-4628-b166-49e53d9c7932,9d64def0-9f5b-4e14-952e-dac91e48846d,f2db0845-9803-465e-a11d-aeb8cff1c3e8,
tch_20200710-165305_87,fa863b1a-c2a3-11ea-af23-0242ac110002,std_1594382013227_87,class_20200710-165305_87,fNH7-w7Zc,d7b1d1a3-b27e-4c63-978b-c26cd23adb9d,1aa5c3be-9cbf-4230-945c-dd4e990dbc70,f3574588-3bf1-44a8-aa7b-0014e4f86a95,94c5fd94-624a-4a24-89b4-44fb95395fc9,393a92bb-0d1d-4c4f-9b63-84c585226266,
tch_20200710-165305_98,fe61eee4-c2a3-11ea-acee-0242ac110002,std_1594382019335_98,class_20200710-165305_98,9QbZ-27yn,182b5b39-e553-4492-9f39-8eb31cc03a81,3514bf08-2f1c-4d2b-b498-314ea1dbac43,e6b0d722-6d78-4952-a7a4-098cffc75586,857a2cf5-ada7-4aae-98c3-b95fa4a3fd13,5af4b57d-1c95-4280-8b49-26b9b79ae955,
tch_20200710-165305_94,fa03c3f8-c2a3-11ea-af23-0242ac110002,std_1594382012333_94,class_20200710-165305_94,9pW8-43Ef,6b0f4210-f549-42f2-8c2b-c6ba8ee79333,2345a93e-aa15-4472-9681-aecd4d8497ed,d1f2f7ec-e648-4986-82e1-7cf1cd507ef2,b964f73b-6a94-404b-84fc-77693b2a4d2c,38061fff-2e17-4e29-9018-50b01a390577,
tch_20200710-165305_88,fe115cf4-c2a3-11ea-af23-0242ac110002,std_1594382019150_88,class_20200710-165305_88,z6D8-2R97,79fd2478-ca6d-49c2-94e9-3c7aef1d3b6f,6926c15b-0b03-4eca-b8e5-56773497d398,4ed58d47-624e-4fe2-b481-c01b91e43372,0bc70378-8b2d-4c25-8978-31c120c1cc60,60aa5d10-4a60-4566-918d-cd1464b01d35,
tch_20200710-165305_95,ff3bacc1-c2a3-11ea-af23-0242ac110002,std_1594382021128_95,class_20200710-165305_95,BfD9-UNek,f6451437-4c05-4d52-94a7-1b44a3a8d119,f5705741-7c94-4dcc-80ef-782714138eb4,12271f58-01d0-427d-87dd-72a1c5ea58ad,56c18698-d911-4732-887d-b048a2df146b,947ffe60-35d3-448c-989a-1737fbc20cf2,
tch_20200710-165305_82,fcf42de1-c2a3-11ea-89f8-0242ac110002,std_1594382017284_82,class_20200710-165305_82,cbcL-V3f4,e6bac226-444d-4700-a9eb-dfccdec84136,0ce11734-36be-420a-a15f-a86ead60cec7,885e0ffd-ea47-4262-ab8e-48f50e0deb6c,c17a7071-0b54-4f4a-aa46-0400d43e27f5,387fb081-8962-4dbc-8154-d26282c18589,
tch_20200710-165305_93,fd051d6e-c2a3-11ea-af23-0242ac110002,std_1594382017420_93,class_20200710-165305_93,NKM8-ETL8,f2d6615e-b121-4d35-9c55-8a928a6440ee,adda878c-bc3b-4b8d-88e4-50d7028b3be6,b183bb6c-064a-476b-b2bd-79c9a0cb0baa,0f1bd83c-12c1-4fab-be78-46d5ce28b914,18893546-9463-4f25-9cf8-366bd9a5f218,
tch_20200710-165305_84,fd95013d-c2a3-11ea-af23-0242ac110002,std_1594382018363_84,class_20200710-165305_84,7F6x-RhY7,c644309e-b41a-4360-8093-54d0fb93d28b,04942e49-89a0-4f5d-9b39-1f84e13d4a70,82b6b1e3-d4b6-4673-9eef-736a905156c2,63593b04-d0bc-4d2b-ac56-f936547f0195,f2e8a383-10a4-4dfb-8682-7068530ceda7,
tch_20200710-165305_79,fe87eca3-c2a3-11ea-89f8-0242ac110002,std_1594382019915_79,class_20200710-165305_79,4u3g-2Q6c,b59a35bf-2abd-4c26-bba9-a5e78c1dd979,399bf06d-772b-4c6e-bebf-0d3e4cb56f05,b203d5e5-94d3-4ff8-a2e0-71596a30f6cb,886dd65d-f6ca-4a73-88c6-05a58039baaf,29c11558-cf22-4470-b8c7-53a9a504f781,
tch_20200710-165305_91,fda46b22-c2a3-11ea-96b3-0242ac110002,std_1594382018461_91,class_20200710-165305_91,eu7U-DE26,9c0f307e-a77a-4a45-9d27-d5cf90712c4c,d66fc219-2d1e-4fed-9839-02c48a64bd86,784a66a9-7e0f-42f0-b08b-e6f68b40ff20,1ba2b96b-c1d1-41d0-9160-98f0bc82d4e8,772dc2b6-bc3b-4a6a-94fb-f66891d93595,
tch_20200710-165305_86,ff5e01d7-c2a3-11ea-acee-0242ac110002,std_1594382021355_86,class_20200710-165305_86,u63e-Gi9s,901044aa-947c-4639-a749-e7b5aee3fb32,7e774dc8-6167-45e8-86db-575f35972df8,ba595de8-0f6d-4da6-bb08-7b94cfbf4460,222db709-410a-48d2-882a-f223e5bf22dd,c930cc8b-c335-469b-aaa7-a42b3975cac5,
tch_20200710-165305_97,00e601a8-c2a4-11ea-96b3-0242ac110002,std_1594382023901_97,class_20200710-165305_97,M8my-Uih6,c0a9f140-cf7d-4eb1-ae4f-bea1a3ca417b,7eef1a9e-2863-4751-921f-912fb1af5d6b,4c4e0b18-bf22-463f-acc3-26e325d227e6,8c1c0264-37c6-44c9-8eca-bb888d6a5e2a,9a164974-7404-4207-b818-50d54c967c61,
tch_20200710-165305_85,fead9cf6-c2a3-11ea-af23-0242ac110002,std_1594382020199_85,class_20200710-165305_85,qZz9-rihD,01de1cca-e69c-4a96-95ac-27803c40669e,01624a46-e815-456a-a972-fd56987f6c9c,5121933c-a509-45d3-bb01-e211c96c30e6,e998e11e-914c-4e8d-8ad8-9c94bfde197d,131d82d2-9c4a-46e8-8d90-71fef6727621,
tch_20200710-165305_81,fec0b0b0-c2a3-11ea-96b3-0242ac110002,std_1594382020324_81,class_20200710-165305_81,bGfB-uTRe,fbf2f096-f1eb-4f92-8682-f8f7466a6ee5,731024c7-240d-4fca-b4db-e0337125d9dc,9062f563-1994-405b-a9c2-e703fbfe737e,d60e96e3-0dba-488f-a932-8c7baee5802c,1bd3aa32-463c-47f1-96e3-b273a5d9258a,
tch_20200710-165305_83,ffb4ad04-c2a3-11ea-af23-0242ac110002,std_1594382021904_83,class_20200710-165305_83,g49z-qdwv,33cb695b-569b-4d2e-b8f4-525a4c4947ee,e4088881-3ef5-45a3-a465-988e418488e7,18130c2c-c45c-4a87-9bd0-2b781dff95ba,765b90e3-5ccf-4378-8d2d-b956da116903,02703037-dda6-4b4c-a5c8-3ee1f56fec55,
tch_20200710-165305_92,037bee8f-c2a4-11ea-89f8-0242ac110002,std_1594382028205_92,class_20200710-165305_92,F3EP-9xw3,2e3c7014-d7ad-4dcc-9463-7fce479e4017,41f373f3-b43d-4488-aab4-482fba8858a4,3b29c6d1-aede-4d36-95b1-eb346566875b,11980cb0-d34c-406d-9bf0-7e52ceed9f73,a63f7d46-71c0-446e-b844-ec99a71ff090,
tch_20200710-165305_78,03cc3199-c2a4-11ea-96b3-0242ac110002,std_1594382028758_78,class_20200710-165305_78,E98M-vMKi,13fb90fb-ee8c-4d7d-9e02-36ccd7f32ae2,c1115ce5-b7f9-47a5-86a7-c048027df951,4f7acf14-e12a-4146-b74e-4fb50586b019,adf1bc40-4ec2-44f1-909f-78ea125d5179,5c04c29d-777e-414f-abd2-583e74b116e3,
tch_20200710-165305_96,017437d7-c2a4-11ea-89f8-0242ac110002,std_1594382024845_96,class_20200710-165305_96,49ZV-9t8Z,99b20b52-a202-4183-a2d9-5e2b9fba8416,6c248528-4cad-4558-a282-3a4c913579ee,f1eb3e63-c89c-4736-a4b9-1c3da1783c47,4fa27476-8815-46da-b37c-ceaff2a4f78e,6b892e88-9f78-4d63-a845-6ae1d3397912,
tch_20200710-165305_75,01177114-c2a4-11ea-acee-0242ac110002,std_1594382024239_75,class_20200710-165305_75,7dNR-H6m7,ff87c64b-05e8-4924-b075-308df0e4e83a,e086cf56-a4b1-44c0-9f99-2d85dbebb66f,7984415a-9b95-4ae0-bef1-8a1dd0124943,78a5ebdf-7351-4261-be66-9150dbdf6293,379bc005-6c55-4140-847e-f49b44cfaba3,
tch_20200710-165305_77,04fdac5f-c2a4-11ea-acee-0242ac110002,std_1594382030758_77,class_20200710-165305_77,VTvH-9Xhi,e9bd7f4e-22d1-4bd9-bbd6-f57c2ff2dc7d,760dc93d-8f32-4126-9cdf-41053983660b,ed5b1377-e8af-40b4-9de9-c47a26975154,e563823b-f8cf-49ff-bd94-fc58b245e68c,91137241-6c18-4a05-80e7-52fe2777a1ab,
tch_20200710-165305_80,068620f6-c2a4-11ea-af23-0242ac110002,std_1594382033353_80,class_20200710-165305_80,aV4j-THZz,d8f24ddb-d531-4df8-94d5-46f6a3de6aa0,fa0afb60-d2d5-4d65-a310-e0b77c73ac28,cfe10b0a-b080-4634-aa09-fd0a5d673b28,566bb1c1-a037-4867-ad94-fca6de111785,d56f92ea-1d01-4611-858e-4a38e337c246,
tch_20200710-165305_76,07e6c30e-c2a4-11ea-af23-0242ac110002,std_1594382035664_76,class_20200710-165305_76,2627-A93L,ed22bdbb-0211-4899-bb01-990ef17deecd,afe78bf0-e43f-4408-973e-306502c147fd,70aaaf85-2a2e-431c-b926-f591338349e3,96c18eaf-1437-4918-bd08-5975217244b7,860da56b-fd87-4b0d-82dc-672eb77555de,
tch_20200710-165305_89,05cfa1f3-c2a4-11ea-acee-0242ac110002,std_1594382032132_89,class_20200710-165305_89,m7Nu-4dmo,b184bb5b-1fa2-4890-930d-2a8cea77a6ea,dcebd4c9-bfdc-4225-a600-851f921fb36d,4d95c5ac-6a3c-4036-bc85-ba472d1218ac,9f97ddd3-267c-4ba2-90a4-789cd88e94f2,5b9483be-9c1f-4101-baa7-139974e3c2c2,
tch_20200710-165305_90,0881f0d7-c2a4-11ea-96b3-0242ac110002,std_1594382036689_90,class_20200710-165305_90,GV7V-4cMF,fa8729bf-1868-42b8-971b-e91e1a83dde8,d5518da6-5d45-43a8-931f-b90ba1eda9e1,83a34b8f-8820-4628-b166-49e53d9c7932,9d64def0-9f5b-4e14-952e-dac91e48846d,f2db0845-9803-465e-a11d-aeb8cff1c3e8,
tch_20200710-165305_99,081bdc6c-c2a4-11ea-96b3-0242ac110002,std_1594382035695_99,class_20200710-165305_99,Q2k6-EcVf,30bf4c87-e830-4971-9e6f-3f9c9dc81e47,d5351c71-e24d-4ce6-918d-4854de6de335,b863b31a-a41f-42b0-94ab-059c36413121,bac1629f-55fc-4f14-8909-ec71e53a8fd3,13afb50b-8bfe-4558-81cd-6434a4391400,
tch_20200710-165305_98,095dab7f-c2a4-11ea-89f8-0242ac110002,std_1594382038117_98,class_20200710-165305_98,9QbZ-27yn,182b5b39-e553-4492-9f39-8eb31cc03a81,3514bf08-2f1c-4d2b-b498-314ea1dbac43,e6b0d722-6d78-4952-a7a4-098cffc75586,857a2cf5-ada7-4aae-98c3-b95fa4a3fd13,5af4b57d-1c95-4280-8b49-26b9b79ae955,
tch_20200710-165305_87,094ce207-c2a4-11ea-af23-0242ac110002,std_1594382037954_87,class_20200710-165305_87,fNH7-w7Zc,d7b1d1a3-b27e-4c63-978b-c26cd23adb9d,1aa5c3be-9cbf-4230-945c-dd4e990dbc70,f3574588-3bf1-44a8-aa7b-0014e4f86a95,94c5fd94-624a-4a24-89b4-44fb95395fc9,393a92bb-0d1d-4c4f-9b63-84c585226266,
tch_20200710-165305_82,0b7714d4-c2a4-11ea-af23-0242ac110002,std_1594382041607_82,class_20200710-165305_82,cbcL-V3f4,e6bac226-444d-4700-a9eb-dfccdec84136,0ce11734-36be-420a-a15f-a86ead60cec7,885e0ffd-ea47-4262-ab8e-48f50e0deb6c,c17a7071-0b54-4f4a-aa46-0400d43e27f5,387fb081-8962-4dbc-8154-d26282c18589,
tch_20200710-165305_93,0c3b76a0-c2a4-11ea-89f8-0242ac110002,std_1594382042925_93,class_20200710-165305_93,NKM8-ETL8,f2d6615e-b121-4d35-9c55-8a928a6440ee,adda878c-bc3b-4b8d-88e4-50d7028b3be6,b183bb6c-064a-476b-b2bd-79c9a0cb0baa,0f1bd83c-12c1-4fab-be78-46d5ce28b914,18893546-9463-4f25-9cf8-366bd9a5f218,
tch_20200710-165305_95,0b14a9c6-c2a4-11ea-96b3-0242ac110002,std_1594382040974_95,class_20200710-165305_95,BfD9-UNek,f6451437-4c05-4d52-94a7-1b44a3a8d119,f5705741-7c94-4dcc-80ef-782714138eb4,12271f58-01d0-427d-87dd-72a1c5ea58ad,56c18698-d911-4732-887d-b048a2df146b,947ffe60-35d3-448c-989a-1737fbc20cf2,
tch_20200710-165305_94,09ba9850-c2a4-11ea-89f8-0242ac110002,std_1594382038715_94,class_20200710-165305_94,9pW8-43Ef,6b0f4210-f549-42f2-8c2b-c6ba8ee79333,2345a93e-aa15-4472-9681-aecd4d8497ed,d1f2f7ec-e648-4986-82e1-7cf1cd507ef2,b964f73b-6a94-404b-84fc-77693b2a4d2c,38061fff-2e17-4e29-9018-50b01a390577,
tch_20200710-165305_88,0a7a178d-c2a4-11ea-acee-0242ac110002,std_1594382039985_88,class_20200710-165305_88,z6D8-2R97,79fd2478-ca6d-49c2-94e9-3c7aef1d3b6f,6926c15b-0b03-4eca-b8e5-56773497d398,4ed58d47-624e-4fe2-b481-c01b91e43372,0bc70378-8b2d-4c25-8978-31c120c1cc60,60aa5d10-4a60-4566-918d-cd1464b01d35,
tch_20200710-165305_86,0cfea013-c2a4-11ea-89f8-0242ac110002,std_1594382044199_86,class_20200710-165305_86,u63e-Gi9s,901044aa-947c-4639-a749-e7b5aee3fb32,7e774dc8-6167-45e8-86db-575f35972df8,ba595de8-0f6d-4da6-bb08-7b94cfbf4460,222db709-410a-48d2-882a-f223e5bf22dd,c930cc8b-c335-469b-aaa7-a42b3975cac5,
tch_20200710-165305_85,0d2a6a8b-c2a4-11ea-89f8-0242ac110002,std_1594382044466_85,class_20200710-165305_85,qZz9-rihD,01de1cca-e69c-4a96-95ac-27803c40669e,01624a46-e815-456a-a972-fd56987f6c9c,5121933c-a509-45d3-bb01-e211c96c30e6,e998e11e-914c-4e8d-8ad8-9c94bfde197d,131d82d2-9c4a-46e8-8d90-71fef6727621,
tch_20200710-165305_97,0d236573-c2a4-11ea-acee-0242ac110002,std_1594382044447_97,class_20200710-165305_97,M8my-Uih6,c0a9f140-cf7d-4eb1-ae4f-bea1a3ca417b,7eef1a9e-2863-4751-921f-912fb1af5d6b,4c4e0b18-bf22-463f-acc3-26e325d227e6,8c1c0264-37c6-44c9-8eca-bb888d6a5e2a,9a164974-7404-4207-b818-50d54c967c61,
tch_20200710-165305_81,0d6a0b81-c2a4-11ea-af23-0242ac110002,std_1594382044920_81,class_20200710-165305_81,bGfB-uTRe,fbf2f096-f1eb-4f92-8682-f8f7466a6ee5,731024c7-240d-4fca-b4db-e0337125d9dc,9062f563-1994-405b-a9c2-e703fbfe737e,d60e96e3-0dba-488f-a932-8c7baee5802c,1bd3aa32-463c-47f1-96e3-b273a5d9258a,
tch_20200710-165305_84,0c3ef8c7-c2a4-11ea-96b3-0242ac110002,std_1594382042948_84,class_20200710-165305_84,7F6x-RhY7,c644309e-b41a-4360-8093-54d0fb93d28b,04942e49-89a0-4f5d-9b39-1f84e13d4a70,82b6b1e3-d4b6-4673-9eef-736a905156c2,63593b04-d0bc-4d2b-ac56-f936547f0195,f2e8a383-10a4-4dfb-8682-7068530ceda7,
tch_20200710-165305_91,0cd433c9-c2a4-11ea-af23-0242ac110002,std_1594382043947_91,class_20200710-165305_91,eu7U-DE26,9c0f307e-a77a-4a45-9d27-d5cf90712c4c,d66fc219-2d1e-4fed-9839-02c48a64bd86,784a66a9-7e0f-42f0-b08b-e6f68b40ff20,1ba2b96b-c1d1-41d0-9160-98f0bc82d4e8,772dc2b6-bc3b-4a6a-94fb-f66891d93595,
tch_20200710-165305_79,0c9d6caf-c2a4-11ea-acee-0242ac110002,std_1594382043569_79,class_20200710-165305_79,4u3g-2Q6c,b59a35bf-2abd-4c26-bba9-a5e78c1dd979,399bf06d-772b-4c6e-bebf-0d3e4cb56f05,b203d5e5-94d3-4ff8-a2e0-71596a30f6cb,886dd65d-f6ca-4a73-88c6-05a58039baaf,29c11558-cf22-4470-b8c7-53a9a504f781,
tch_20200710-165305_78,0fb0ee41-c2a4-11ea-89f8-0242ac110002,std_1594382048737_78,class_20200710-165305_78,E98M-vMKi,13fb90fb-ee8c-4d7d-9e02-36ccd7f32ae2,c1115ce5-b7f9-47a5-86a7-c048027df951,4f7acf14-e12a-4146-b74e-4fb50586b019,adf1bc40-4ec2-44f1-909f-78ea125d5179,5c04c29d-777e-414f-abd2-583e74b116e3,
tch_20200710-165305_83,0d85f833-c2a4-11ea-96b3-0242ac110002,std_1594382045094_83,class_20200710-165305_83,g49z-qdwv,33cb695b-569b-4d2e-b8f4-525a4c4947ee,e4088881-3ef5-45a3-a465-988e418488e7,18130c2c-c45c-4a87-9bd0-2b781dff95ba,765b90e3-5ccf-4378-8d2d-b956da116903,02703037-dda6-4b4c-a5c8-3ee1f56fec55,
tch_20200710-165305_92,0f008a02-c2a4-11ea-af23-0242ac110002,std_1594382047585_92,class_20200710-165305_92,F3EP-9xw3,2e3c7014-d7ad-4dcc-9463-7fce479e4017,41f373f3-b43d-4488-aab4-482fba8858a4,3b29c6d1-aede-4d36-95b1-eb346566875b,11980cb0-d34c-406d-9bf0-7e52ceed9f73,a63f7d46-71c0-446e-b844-ec99a71ff090,
tch_20200710-165305_80,11adcf81-c2a4-11ea-af23-0242ac110002,std_1594382052087_80,class_20200710-165305_80,aV4j-THZz,d8f24ddb-d531-4df8-94d5-46f6a3de6aa0,fa0afb60-d2d5-4d65-a310-e0b77c73ac28,cfe10b0a-b080-4634-aa09-fd0a5d673b28,566bb1c1-a037-4867-ad94-fca6de111785,d56f92ea-1d01-4611-858e-4a38e337c246,
tch_20200710-165305_96,1013326a-c2a4-11ea-96b3-0242ac110002,std_1594382049357_96,class_20200710-165305_96,49ZV-9t8Z,99b20b52-a202-4183-a2d9-5e2b9fba8416,6c248528-4cad-4558-a282-3a4c913579ee,f1eb3e63-c89c-4736-a4b9-1c3da1783c47,4fa27476-8815-46da-b37c-ceaff2a4f78e,6b892e88-9f78-4d63-a845-6ae1d3397912,
tch_20200710-165305_100,11e69370-c2a4-11ea-af23-0242ac110002,std_1594382052153_100,class_20200710-165305_100,Muaf-UM4a,df680152-6125-4bf7-b493-d97d446eeef8,9791fbf8-a01b-4a9b-8493-c0a604ef5c9d,c843f974-4472-46a9-b9a0-7bb890fdbfaf,fdfba500-9b7e-4bac-92ff-a309971d7915,3819f39b-50e0-43cc-9d79-d18c58189c25,
tch_20200710-165305_77,11a39666-c2a4-11ea-96b3-0242ac110002,std_1594382051987_77,class_20200710-165305_77,VTvH-9Xhi,e9bd7f4e-22d1-4bd9-bbd6-f57c2ff2dc7d,760dc93d-8f32-4126-9cdf-41053983660b,ed5b1377-e8af-40b4-9de9-c47a26975154,e563823b-f8cf-49ff-bd94-fc58b245e68c,91137241-6c18-4a05-80e7-52fe2777a1ab,
tch_20200710-165305_89,13a77d1c-c2a4-11ea-af23-0242ac110002,std_1594382055396_89,class_20200710-165305_89,m7Nu-4dmo,b184bb5b-1fa2-4890-930d-2a8cea77a6ea,dcebd4c9-bfdc-4225-a600-851f921fb36d,4d95c5ac-6a3c-4036-bc85-ba472d1218ac,9f97ddd3-267c-4ba2-90a4-789cd88e94f2,5b9483be-9c1f-4101-baa7-139974e3c2c2,
tch_20200710-165305_99,15cb6e4f-c2a4-11ea-acee-0242ac110002,std_1594382058949_99,class_20200710-165305_99,Q2k6-EcVf,30bf4c87-e830-4971-9e6f-3f9c9dc81e47,d5351c71-e24d-4ce6-918d-4854de6de335,b863b31a-a41f-42b0-94ab-059c36413121,bac1629f-55fc-4f14-8909-ec71e53a8fd3,13afb50b-8bfe-4558-81cd-6434a4391400,
tch_20200710-165305_98,169797b4-c2a4-11ea-acee-0242ac110002,std_1594382060277_98,class_20200710-165305_98,9QbZ-27yn,182b5b39-e553-4492-9f39-8eb31cc03a81,3514bf08-2f1c-4d2b-b498-314ea1dbac43,e6b0d722-6d78-4952-a7a4-098cffc75586,857a2cf5-ada7-4aae-98c3-b95fa4a3fd13,5af4b57d-1c95-4280-8b49-26b9b79ae955,
tch_20200710-165305_88,1970a908-c2a4-11ea-acee-0242ac110002,std_1594382065084_88,class_20200710-165305_88,z6D8-2R97,79fd2478-ca6d-49c2-94e9-3c7aef1d3b6f,6926c15b-0b03-4eca-b8e5-56773497d398,4ed58d47-624e-4fe2-b481-c01b91e43372,0bc70378-8b2d-4c25-8978-31c120c1cc60,60aa5d10-4a60-4566-918d-cd1464b01d35,
tch_20200710-165305_93,1789c054-c2a4-11ea-89f8-0242ac110002,std_1594382061876_93,class_20200710-165305_93,NKM8-ETL8,f2d6615e-b121-4d35-9c55-8a928a6440ee,adda878c-bc3b-4b8d-88e4-50d7028b3be6,b183bb6c-064a-476b-b2bd-79c9a0cb0baa,0f1bd83c-12c1-4fab-be78-46d5ce28b914,18893546-9463-4f25-9cf8-366bd9a5f218,
tch_20200710-165305_87,16b66acf-c2a4-11ea-89f8-0242ac110002,std_1594382060509_87,class_20200710-165305_87,fNH7-w7Zc,d7b1d1a3-b27e-4c63-978b-c26cd23adb9d,1aa5c3be-9cbf-4230-945c-dd4e990dbc70,f3574588-3bf1-44a8-aa7b-0014e4f86a95,94c5fd94-624a-4a24-89b4-44fb95395fc9,393a92bb-0d1d-4c4f-9b63-84c585226266,
tch_20200710-165305_95,180950cf-c2a4-11ea-acee-0242ac110002,std_1594382062714_95,class_20200710-165305_95,BfD9-UNek,f6451437-4c05-4d52-94a7-1b44a3a8d119,f5705741-7c94-4dcc-80ef-782714138eb4,12271f58-01d0-427d-87dd-72a1c5ea58ad,56c18698-d911-4732-887d-b048a2df146b,947ffe60-35d3-448c-989a-1737fbc20cf2,
tch_20200710-165305_82,16e346a1-c2a4-11ea-89f8-0242ac110002,std_1594382060811_82,class_20200710-165305_82,cbcL-V3f4,e6bac226-444d-4700-a9eb-dfccdec84136,0ce11734-36be-420a-a15f-a86ead60cec7,885e0ffd-ea47-4262-ab8e-48f50e0deb6c,c17a7071-0b54-4f4a-aa46-0400d43e27f5,387fb081-8962-4dbc-8154-d26282c18589,
tch_20200710-165305_90,15be0134-c2a4-11ea-af23-0242ac110002,std_1594382058885_90,class_20200710-165305_90,GV7V-4cMF,fa8729bf-1868-42b8-971b-e91e1a83dde8,d5518da6-5d45-43a8-931f-b90ba1eda9e1,83a34b8f-8820-4628-b166-49e53d9c7932,9d64def0-9f5b-4e14-952e-dac91e48846d,f2db0845-9803-465e-a11d-aeb8cff1c3e8,
tch_20200710-165305_86,19ed5315-c2a4-11ea-96b3-0242ac110002,std_1594382065883_86,class_20200710-165305_86,u63e-Gi9s,901044aa-947c-4639-a749-e7b5aee3fb32,7e774dc8-6167-45e8-86db-575f35972df8,ba595de8-0f6d-4da6-bb08-7b94cfbf4460,222db709-410a-48d2-882a-f223e5bf22dd,c930cc8b-c335-469b-aaa7-a42b3975cac5,
tch_20200710-165305_85,1a08a30f-c2a4-11ea-89f8-0242ac110002,std_1594382066043_85,class_20200710-165305_85,qZz9-rihD,01de1cca-e69c-4a96-95ac-27803c40669e,01624a46-e815-456a-a972-fd56987f6c9c,5121933c-a509-45d3-bb01-e211c96c30e6,e998e11e-914c-4e8d-8ad8-9c94bfde197d,131d82d2-9c4a-46e8-8d90-71fef6727621,
tch_20200710-165305_94,19101245-c2a4-11ea-89f8-0242ac110002,std_1594382064469_94,class_20200710-165305_94,9pW8-43Ef,6b0f4210-f549-42f2-8c2b-c6ba8ee79333,2345a93e-aa15-4472-9681-aecd4d8497ed,d1f2f7ec-e648-4986-82e1-7cf1cd507ef2,b964f73b-6a94-404b-84fc-77693b2a4d2c,38061fff-2e17-4e29-9018-50b01a390577,
tch_20200710-165305_91,1b28dfe0-c2a4-11ea-96b3-0242ac110002,std_1594382067972_91,class_20200710-165305_91,eu7U-DE26,9c0f307e-a77a-4a45-9d27-d5cf90712c4c,d66fc219-2d1e-4fed-9839-02c48a64bd86,784a66a9-7e0f-42f0-b08b-e6f68b40ff20,1ba2b96b-c1d1-41d0-9160-98f0bc82d4e8,772dc2b6-bc3b-4a6a-94fb-f66891d93595,
tch_20200710-165305_78,1b3b7d21-c2a4-11ea-acee-0242ac110002,std_1594382068105_78,class_20200710-165305_78,E98M-vMKi,13fb90fb-ee8c-4d7d-9e02-36ccd7f32ae2,c1115ce5-b7f9-47a5-86a7-c048027df951,4f7acf14-e12a-4146-b74e-4fb50586b019,adf1bc40-4ec2-44f1-909f-78ea125d5179,5c04c29d-777e-414f-abd2-583e74b116e3,
tch_20200710-165305_83,1b9cfe19-c2a4-11ea-acee-0242ac110002,std_1594382068697_83,class_20200710-165305_83,g49z-qdwv,33cb695b-569b-4d2e-b8f4-525a4c4947ee,e4088881-3ef5-45a3-a465-988e418488e7,18130c2c-c45c-4a87-9bd0-2b781dff95ba,765b90e3-5ccf-4378-8d2d-b956da116903,02703037-dda6-4b4c-a5c8-3ee1f56fec55,
tch_20200710-165305_81,1ad87675-c2a4-11ea-96b3-0242ac110002,std_1594382067448_81,class_20200710-165305_81,bGfB-uTRe,fbf2f096-f1eb-4f92-8682-f8f7466a6ee5,731024c7-240d-4fca-b4db-e0337125d9dc,9062f563-1994-405b-a9c2-e703fbfe737e,d60e96e3-0dba-488f-a932-8c7baee5802c,1bd3aa32-463c-47f1-96e3-b273a5d9258a,
tch_20200710-165305_84,1b27a739-c2a4-11ea-89f8-0242ac110002,std_1594382067952_84,class_20200710-165305_84,7F6x-RhY7,c644309e-b41a-4360-8093-54d0fb93d28b,04942e49-89a0-4f5d-9b39-1f84e13d4a70,82b6b1e3-d4b6-4673-9eef-736a905156c2,63593b04-d0bc-4d2b-ac56-f936547f0195,f2e8a383-10a4-4dfb-8682-7068530ceda7,
tch_20200710-165305_80,1defa0af-c2a4-11ea-af23-0242ac110002,std_1594382072616_80,class_20200710-165305_80,aV4j-THZz,d8f24ddb-d531-4df8-94d5-46f6a3de6aa0,fa0afb60-d2d5-4d65-a310-e0b77c73ac28,cfe10b0a-b080-4634-aa09-fd0a5d673b28,566bb1c1-a037-4867-ad94-fca6de111785,d56f92ea-1d01-4611-858e-4a38e337c246,
tch_20200710-165305_92,1c187033-c2a4-11ea-acee-0242ac110002,std_1594382069516_92,class_20200710-165305_92,F3EP-9xw3,2e3c7014-d7ad-4dcc-9463-7fce479e4017,41f373f3-b43d-4488-aab4-482fba8858a4,3b29c6d1-aede-4d36-95b1-eb346566875b,11980cb0-d34c-406d-9bf0-7e52ceed9f73,a63f7d46-71c0-446e-b844-ec99a71ff090,
tch_20200710-165305_97,1a22e140-c2a4-11ea-89f8-0242ac110002,std_1594382066245_97,class_20200710-165305_97,M8my-Uih6,c0a9f140-cf7d-4eb1-ae4f-bea1a3ca417b,7eef1a9e-2863-4751-921f-912fb1af5d6b,4c4e0b18-bf22-463f-acc3-26e325d227e6,8c1c0264-37c6-44c9-8eca-bb888d6a5e2a,9a164974-7404-4207-b818-50d54c967c61,
tch_20200710-165305_79,1b3e15bc-c2a4-11ea-89f8-0242ac110002,std_1594382068094_79,class_20200710-165305_79,4u3g-2Q6c,b59a35bf-2abd-4c26-bba9-a5e78c1dd979,399bf06d-772b-4c6e-bebf-0d3e4cb56f05,b203d5e5-94d3-4ff8-a2e0-71596a30f6cb,886dd65d-f6ca-4a73-88c6-05a58039baaf,29c11558-cf22-4470-b8c7-53a9a504f781,
tch_20200710-165305_96,1eb40209-c2a4-11ea-af23-0242ac110002,std_1594382073919_96,class_20200710-165305_96,49ZV-9t8Z,99b20b52-a202-4183-a2d9-5e2b9fba8416,6c248528-4cad-4558-a282-3a4c913579ee,f1eb3e63-c89c-4736-a4b9-1c3da1783c47,4fa27476-8815-46da-b37c-ceaff2a4f78e,6b892e88-9f78-4d63-a845-6ae1d3397912,
tch_20200710-165305_100,1fc572aa-c2a4-11ea-af23-0242ac110002,std_1594382075715_100,class_20200710-165305_100,Muaf-UM4a,df680152-6125-4bf7-b493-d97d446eeef8,9791fbf8-a01b-4a9b-8493-c0a604ef5c9d,c843f974-4472-46a9-b9a0-7bb890fdbfaf,fdfba500-9b7e-4bac-92ff-a309971d7915,3819f39b-50e0-43cc-9d79-d18c58189c25,
tch_20200710-165305_77,2065f84a-c2a4-11ea-89f8-0242ac110002,std_1594382076737_77,class_20200710-165305_77,VTvH-9Xhi,e9bd7f4e-22d1-4bd9-bbd6-f57c2ff2dc7d,760dc93d-8f32-4126-9cdf-41053983660b,ed5b1377-e8af-40b4-9de9-c47a26975154,e563823b-f8cf-49ff-bd94-fc58b245e68c,91137241-6c18-4a05-80e7-52fe2777a1ab,
tch_20200710-165305_98,237e8303-c2a4-11ea-acee-0242ac110002,std_1594382081951_98,class_20200710-165305_98,9QbZ-27yn,182b5b39-e553-4492-9f39-8eb31cc03a81,3514bf08-2f1c-4d2b-b498-314ea1dbac43,e6b0d722-6d78-4952-a7a4-098cffc75586,857a2cf5-ada7-4aae-98c3-b95fa4a3fd13,5af4b57d-1c95-4280-8b49-26b9b79ae955,
tch_20200710-165305_87,24dfe7a5-c2a4-11ea-89f8-0242ac110002,std_1594382084277_87,class_20200710-165305_87,fNH7-w7Zc,d7b1d1a3-b27e-4c63-978b-c26cd23adb9d,1aa5c3be-9cbf-4230-945c-dd4e990dbc70,f3574588-3bf1-44a8-aa7b-0014e4f86a95,94c5fd94-624a-4a24-89b4-44fb95395fc9,393a92bb-0d1d-4c4f-9b63-84c585226266,
tch_20200710-165305_89,22fea41a-c2a4-11ea-af23-0242ac110002,std_1594382081118_89,class_20200710-165305_89,m7Nu-4dmo,b184bb5b-1fa2-4890-930d-2a8cea77a6ea,dcebd4c9-bfdc-4225-a600-851f921fb36d,4d95c5ac-6a3c-4036-bc85-ba472d1218ac,9f97ddd3-267c-4ba2-90a4-789cd88e94f2,5b9483be-9c1f-4101-baa7-139974e3c2c2,
tch_20200710-165305_88,246b05f3-c2a4-11ea-af23-0242ac110002,std_1594382083512_88,class_20200710-165305_88,z6D8-2R97,79fd2478-ca6d-49c2-94e9-3c7aef1d3b6f,6926c15b-0b03-4eca-b8e5-56773497d398,4ed58d47-624e-4fe2-b481-c01b91e43372,0bc70378-8b2d-4c25-8978-31c120c1cc60,60aa5d10-4a60-4566-918d-cd1464b01d35,
tch_20200710-165305_99,23009ff8-c2a4-11ea-af23-0242ac110002,std_1594382081119_99,class_20200710-165305_99,Q2k6-EcVf,30bf4c87-e830-4971-9e6f-3f9c9dc81e47,d5351c71-e24d-4ce6-918d-4854de6de335,b863b31a-a41f-42b0-94ab-059c36413121,bac1629f-55fc-4f14-8909-ec71e53a8fd3,13afb50b-8bfe-4558-81cd-6434a4391400,
tch_20200710-165305_82,257d1199-c2a4-11ea-acee-0242ac110002,std_1594382085298_82,class_20200710-165305_82,cbcL-V3f4,e6bac226-444d-4700-a9eb-dfccdec84136,0ce11734-36be-420a-a15f-a86ead60cec7,885e0ffd-ea47-4262-ab8e-48f50e0deb6c,c17a7071-0b54-4f4a-aa46-0400d43e27f5,387fb081-8962-4dbc-8154-d26282c18589,
tch_20200710-165305_93,24d3d945-c2a4-11ea-96b3-0242ac110002,std_1594382084206_93,class_20200710-165305_93,NKM8-ETL8,f2d6615e-b121-4d35-9c55-8a928a6440ee,adda878c-bc3b-4b8d-88e4-50d7028b3be6,b183bb6c-064a-476b-b2bd-79c9a0cb0baa,0f1bd83c-12c1-4fab-be78-46d5ce28b914,18893546-9463-4f25-9cf8-366bd9a5f218,
tch_20200710-165305_95,2540cc88-c2a4-11ea-acee-0242ac110002,std_1594382084903_95,class_20200710-165305_95,BfD9-UNek,f6451437-4c05-4d52-94a7-1b44a3a8d119,f5705741-7c94-4dcc-80ef-782714138eb4,12271f58-01d0-427d-87dd-72a1c5ea58ad,56c18698-d911-4732-887d-b048a2df146b,947ffe60-35d3-448c-989a-1737fbc20cf2,
tch_20200710-165305_94,274d64b6-c2a4-11ea-89f8-0242ac110002,std_1594382088332_94,class_20200710-165305_94,9pW8-43Ef,6b0f4210-f549-42f2-8c2b-c6ba8ee79333,2345a93e-aa15-4472-9681-aecd4d8497ed,d1f2f7ec-e648-4986-82e1-7cf1cd507ef2,b964f73b-6a94-404b-84fc-77693b2a4d2c,38061fff-2e17-4e29-9018-50b01a390577,
tch_20200710-165305_90,25f01f2c-c2a4-11ea-96b3-0242ac110002,std_1594382086026_90,class_20200710-165305_90,GV7V-4cMF,fa8729bf-1868-42b8-971b-e91e1a83dde8,d5518da6-5d45-43a8-931f-b90ba1eda9e1,83a34b8f-8820-4628-b166-49e53d9c7932,9d64def0-9f5b-4e14-952e-dac91e48846d,f2db0845-9803-465e-a11d-aeb8cff1c3e8,
tch_20200710-165305_83,28be0c01-c2a4-11ea-af23-0242ac110002,std_1594382090756_83,class_20200710-165305_83,g49z-qdwv,33cb695b-569b-4d2e-b8f4-525a4c4947ee,e4088881-3ef5-45a3-a465-988e418488e7,18130c2c-c45c-4a87-9bd0-2b781dff95ba,765b90e3-5ccf-4378-8d2d-b956da116903,02703037-dda6-4b4c-a5c8-3ee1f56fec55,
tch_20200710-165305_81,290f8721-c2a4-11ea-96b3-0242ac110002,std_1594382091229_81,class_20200710-165305_81,bGfB-uTRe,fbf2f096-f1eb-4f92-8682-f8f7466a6ee5,731024c7-240d-4fca-b4db-e0337125d9dc,9062f563-1994-405b-a9c2-e703fbfe737e,d60e96e3-0dba-488f-a932-8c7baee5802c,1bd3aa32-463c-47f1-96e3-b273a5d9258a,
tch_20200710-165305_80,295d3292-c2a4-11ea-96b3-0242ac110002,std_1594382091793_80,class_20200710-165305_80,aV4j-THZz,d8f24ddb-d531-4df8-94d5-46f6a3de6aa0,fa0afb60-d2d5-4d65-a310-e0b77c73ac28,cfe10b0a-b080-4634-aa09-fd0a5d673b28,566bb1c1-a037-4867-ad94-fca6de111785,d56f92ea-1d01-4611-858e-4a38e337c246,
tch_20200710-165305_85,273f0d50-c2a4-11ea-acee-0242ac110002,std_1594382088246_85,class_20200710-165305_85,qZz9-rihD,01de1cca-e69c-4a96-95ac-27803c40669e,01624a46-e815-456a-a972-fd56987f6c9c,5121933c-a509-45d3-bb01-e211c96c30e6,e998e11e-914c-4e8d-8ad8-9c94bfde197d,131d82d2-9c4a-46e8-8d90-71fef6727621,
tch_20200710-165305_86,2638e7ca-c2a4-11ea-89f8-0242ac110002,std_1594382086535_86,class_20200710-165305_86,u63e-Gi9s,901044aa-947c-4639-a749-e7b5aee3fb32,7e774dc8-6167-45e8-86db-575f35972df8,ba595de8-0f6d-4da6-bb08-7b94cfbf4460,222db709-410a-48d2-882a-f223e5bf22dd,c930cc8b-c335-469b-aaa7-a42b3975cac5,
tch_20200710-165305_84,292447bb-c2a4-11ea-acee-0242ac110002,std_1594382091442_84,class_20200710-165305_84,7F6x-RhY7,c644309e-b41a-4360-8093-54d0fb93d28b,04942e49-89a0-4f5d-9b39-1f84e13d4a70,82b6b1e3-d4b6-4673-9eef-736a905156c2,63593b04-d0bc-4d2b-ac56-f936547f0195,f2e8a383-10a4-4dfb-8682-7068530ceda7,
tch_20200710-165305_91,283330e2-c2a4-11ea-96b3-0242ac110002,std_1594382089826_91,class_20200710-165305_91,eu7U-DE26,9c0f307e-a77a-4a45-9d27-d5cf90712c4c,d66fc219-2d1e-4fed-9839-02c48a64bd86,784a66a9-7e0f-42f0-b08b-e6f68b40ff20,1ba2b96b-c1d1-41d0-9160-98f0bc82d4e8,772dc2b6-bc3b-4a6a-94fb-f66891d93595,
tch_20200710-165305_79,2a35dec3-c2a4-11ea-af23-0242ac110002,std_1594382093213_79,class_20200710-165305_79,4u3g-2Q6c,b59a35bf-2abd-4c26-bba9-a5e78c1dd979,399bf06d-772b-4c6e-bebf-0d3e4cb56f05,b203d5e5-94d3-4ff8-a2e0-71596a30f6cb,886dd65d-f6ca-4a73-88c6-05a58039baaf,29c11558-cf22-4470-b8c7-53a9a504f781,
tch_20200710-165305_97,2a301307-c2a4-11ea-89f8-0242ac110002,std_1594382093125_97,class_20200710-165305_97,M8my-Uih6,c0a9f140-cf7d-4eb1-ae4f-bea1a3ca417b,7eef1a9e-2863-4751-921f-912fb1af5d6b,4c4e0b18-bf22-463f-acc3-26e325d227e6,8c1c0264-37c6-44c9-8eca-bb888d6a5e2a,9a164974-7404-4207-b818-50d54c967c61,
tch_20200710-165305_96,2b5187ff-c2a4-11ea-89f8-0242ac110002,std_1594382095081_96,class_20200710-165305_96,49ZV-9t8Z,99b20b52-a202-4183-a2d9-5e2b9fba8416,6c248528-4cad-4558-a282-3a4c913579ee,f1eb3e63-c89c-4736-a4b9-1c3da1783c47,4fa27476-8815-46da-b37c-ceaff2a4f78e,6b892e88-9f78-4d63-a845-6ae1d3397912,
tch_20200710-165305_100,2cbf21b6-c2a4-11ea-96b3-0242ac110002,std_1594382097491_100,class_20200710-165305_100,Muaf-UM4a,df680152-6125-4bf7-b493-d97d446eeef8,9791fbf8-a01b-4a9b-8493-c0a604ef5c9d,c843f974-4472-46a9-b9a0-7bb890fdbfaf,fdfba500-9b7e-4bac-92ff-a309971d7915,3819f39b-50e0-43cc-9d79-d18c58189c25,
tch_20200710-165305_92,29cc959f-c2a4-11ea-96b3-0242ac110002,std_1594382092542_92,class_20200710-165305_92,F3EP-9xw3,2e3c7014-d7ad-4dcc-9463-7fce479e4017,41f373f3-b43d-4488-aab4-482fba8858a4,3b29c6d1-aede-4d36-95b1-eb346566875b,11980cb0-d34c-406d-9bf0-7e52ceed9f73,a63f7d46-71c0-446e-b844-ec99a71ff090,
tch_20200710-165305_99,31aa2266-c2a4-11ea-96b3-0242ac110002,std_1594382105733_99,class_20200710-165305_99,Q2k6-EcVf,30bf4c87-e830-4971-9e6f-3f9c9dc81e47,d5351c71-e24d-4ce6-918d-4854de6de335,b863b31a-a41f-42b0-94ab-059c36413121,bac1629f-55fc-4f14-8909-ec71e53a8fd3,13afb50b-8bfe-4558-81cd-6434a4391400,
tch_20200710-165305_88,318fe435-c2a4-11ea-acee-0242ac110002,std_1594382105557_88,class_20200710-165305_88,z6D8-2R97,79fd2478-ca6d-49c2-94e9-3c7aef1d3b6f,6926c15b-0b03-4eca-b8e5-56773497d398,4ed58d47-624e-4fe2-b481-c01b91e43372,0bc70378-8b2d-4c25-8978-31c120c1cc60,60aa5d10-4a60-4566-918d-cd1464b01d35,
tch_20200710-165305_87,310fb748-c2a4-11ea-96b3-0242ac110002,std_1594382104719_87,class_20200710-165305_87,fNH7-w7Zc,d7b1d1a3-b27e-4c63-978b-c26cd23adb9d,1aa5c3be-9cbf-4230-945c-dd4e990dbc70,f3574588-3bf1-44a8-aa7b-0014e4f86a95,94c5fd94-624a-4a24-89b4-44fb95395fc9,393a92bb-0d1d-4c4f-9b63-84c585226266,
tch_20200710-165305_93,3298c874-c2a4-11ea-89f8-0242ac110002,std_1594382107311_93,class_20200710-165305_93,NKM8-ETL8,f2d6615e-b121-4d35-9c55-8a928a6440ee,adda878c-bc3b-4b8d-88e4-50d7028b3be6,b183bb6c-064a-476b-b2bd-79c9a0cb0baa,0f1bd83c-12c1-4fab-be78-46d5ce28b914,18893546-9463-4f25-9cf8-366bd9a5f218,
tch_20200710-165305_89,3115ab32-c2a4-11ea-89f8-0242ac110002,std_1594382104755_89,class_20200710-165305_89,m7Nu-4dmo,b184bb5b-1fa2-4890-930d-2a8cea77a6ea,dcebd4c9-bfdc-4225-a600-851f921fb36d,4d95c5ac-6a3c-4036-bc85-ba472d1218ac,9f97ddd3-267c-4ba2-90a4-789cd88e94f2,5b9483be-9c1f-4101-baa7-139974e3c2c2,
tch_20200710-165305_98,2fc3fd91-c2a4-11ea-96b3-0242ac110002,std_1594382102539_98,class_20200710-165305_98,9QbZ-27yn,182b5b39-e553-4492-9f39-8eb31cc03a81,3514bf08-2f1c-4d2b-b498-314ea1dbac43,e6b0d722-6d78-4952-a7a4-098cffc75586,857a2cf5-ada7-4aae-98c3-b95fa4a3fd13,5af4b57d-1c95-4280-8b49-26b9b79ae955,
tch_20200710-165305_82,3282f650-c2a4-11ea-af23-0242ac110002,std_1594382107158_82,class_20200710-165305_82,cbcL-V3f4,e6bac226-444d-4700-a9eb-dfccdec84136,0ce11734-36be-420a-a15f-a86ead60cec7,885e0ffd-ea47-4262-ab8e-48f50e0deb6c,c17a7071-0b54-4f4a-aa46-0400d43e27f5,387fb081-8962-4dbc-8154-d26282c18589,
tch_20200710-165305_86,356b9725-c2a4-11ea-96b3-0242ac110002,std_1594382112030_86,class_20200710-165305_86,u63e-Gi9s,901044aa-947c-4639-a749-e7b5aee3fb32,7e774dc8-6167-45e8-86db-575f35972df8,ba595de8-0f6d-4da6-bb08-7b94cfbf4460,222db709-410a-48d2-882a-f223e5bf22dd,c930cc8b-c335-469b-aaa7-a42b3975cac5,
tch_20200710-165305_95,32d0a0f5-c2a4-11ea-89f8-0242ac110002,std_1594382107660_95,class_20200710-165305_95,BfD9-UNek,f6451437-4c05-4d52-94a7-1b44a3a8d119,f5705741-7c94-4dcc-80ef-782714138eb4,12271f58-01d0-427d-87dd-72a1c5ea58ad,56c18698-d911-4732-887d-b048a2df146b,947ffe60-35d3-448c-989a-1737fbc20cf2,
tch_20200710-165305_81,34d94245-c2a4-11ea-96b3-0242ac110002,std_1594382111075_81,class_20200710-165305_81,bGfB-uTRe,fbf2f096-f1eb-4f92-8682-f8f7466a6ee5,731024c7-240d-4fca-b4db-e0337125d9dc,9062f563-1994-405b-a9c2-e703fbfe737e,d60e96e3-0dba-488f-a932-8c7baee5802c,1bd3aa32-463c-47f1-96e3-b273a5d9258a,
tch_20200710-165305_94,32f05e98-c2a4-11ea-96b3-0242ac110002,std_1594382107861_94,class_20200710-165305_94,9pW8-43Ef,6b0f4210-f549-42f2-8c2b-c6ba8ee79333,2345a93e-aa15-4472-9681-aecd4d8497ed,d1f2f7ec-e648-4986-82e1-7cf1cd507ef2,b964f73b-6a94-404b-84fc-77693b2a4d2c,38061fff-2e17-4e29-9018-50b01a390577,
tch_20200710-165305_80,35393d0a-c2a4-11ea-96b3-0242ac110002,std_1594382111709_80,class_20200710-165305_80,aV4j-THZz,d8f24ddb-d531-4df8-94d5-46f6a3de6aa0,fa0afb60-d2d5-4d65-a310-e0b77c73ac28,cfe10b0a-b080-4634-aa09-fd0a5d673b28,566bb1c1-a037-4867-ad94-fca6de111785,d56f92ea-1d01-4611-858e-4a38e337c246,
tch_20200710-165305_83,347c073f-c2a4-11ea-89f8-0242ac110002,std_1594382110460_83,class_20200710-165305_83,g49z-qdwv,33cb695b-569b-4d2e-b8f4-525a4c4947ee,e4088881-3ef5-45a3-a465-988e418488e7,18130c2c-c45c-4a87-9bd0-2b781dff95ba,765b90e3-5ccf-4378-8d2d-b956da116903,02703037-dda6-4b4c-a5c8-3ee1f56fec55,
tch_20200710-165305_90,33e6f3a6-c2a4-11ea-af23-0242ac110002,std_1594382109455_90,class_20200710-165305_90,GV7V-4cMF,fa8729bf-1868-42b8-971b-e91e1a83dde8,d5518da6-5d45-43a8-931f-b90ba1eda9e1,83a34b8f-8820-4628-b166-49e53d9c7932,9d64def0-9f5b-4e14-952e-dac91e48846d,f2db0845-9803-465e-a11d-aeb8cff1c3e8,
tch_20200710-165305_85,35672a7e-c2a4-11ea-89f8-0242ac110002,std_1594382111973_85,class_20200710-165305_85,qZz9-rihD,01de1cca-e69c-4a96-95ac-27803c40669e,01624a46-e815-456a-a972-fd56987f6c9c,5121933c-a509-45d3-bb01-e211c96c30e6,e998e11e-914c-4e8d-8ad8-9c94bfde197d,131d82d2-9c4a-46e8-8d90-71fef6727621,
tch_20200710-165305_84,36991b83-c2a4-11ea-89f8-0242ac110002,std_1594382113996_84,class_20200710-165305_84,7F6x-RhY7,c644309e-b41a-4360-8093-54d0fb93d28b,04942e49-89a0-4f5d-9b39-1f84e13d4a70,82b6b1e3-d4b6-4673-9eef-736a905156c2,63593b04-d0bc-4d2b-ac56-f936547f0195,f2e8a383-10a4-4dfb-8682-7068530ceda7,
tch_20200710-165305_91,36a576c8-c2a4-11ea-89f8-0242ac110002,std_1594382114094_91,class_20200710-165305_91,eu7U-DE26,9c0f307e-a77a-4a45-9d27-d5cf90712c4c,d66fc219-2d1e-4fed-9839-02c48a64bd86,784a66a9-7e0f-42f0-b08b-e6f68b40ff20,1ba2b96b-c1d1-41d0-9160-98f0bc82d4e8,772dc2b6-bc3b-4a6a-94fb-f66891d93595,
tch_20200710-165305_79,36e7627b-c2a4-11ea-acee-0242ac110002,std_1594382114467_79,class_20200710-165305_79,4u3g-2Q6c,b59a35bf-2abd-4c26-bba9-a5e78c1dd979,399bf06d-772b-4c6e-bebf-0d3e4cb56f05,b203d5e5-94d3-4ff8-a2e0-71596a30f6cb,886dd65d-f6ca-4a73-88c6-05a58039baaf,29c11558-cf22-4470-b8c7-53a9a504f781,
tch_20200710-165305_97,38423752-c2a4-11ea-acee-0242ac110002,std_1594382116794_97,class_20200710-165305_97,M8my-Uih6,c0a9f140-cf7d-4eb1-ae4f-bea1a3ca417b,7eef1a9e-2863-4751-921f-912fb1af5d6b,4c4e0b18-bf22-463f-acc3-26e325d227e6,8c1c0264-37c6-44c9-8eca-bb888d6a5e2a,9a164974-7404-4207-b818-50d54c967c61,
tch_20200710-165305_100,392a4d4a-c2a4-11ea-acee-0242ac110002,std_1594382118312_100,class_20200710-165305_100,Muaf-UM4a,df680152-6125-4bf7-b493-d97d446eeef8,9791fbf8-a01b-4a9b-8493-c0a604ef5c9d,c843f974-4472-46a9-b9a0-7bb890fdbfaf,fdfba500-9b7e-4bac-92ff-a309971d7915,3819f39b-50e0-43cc-9d79-d18c58189c25,
tch_20200710-165305_92,39546aa7-c2a4-11ea-89f8-0242ac110002,std_1594382118572_92,class_20200710-165305_92,F3EP-9xw3,2e3c7014-d7ad-4dcc-9463-7fce479e4017,41f373f3-b43d-4488-aab4-482fba8858a4,3b29c6d1-aede-4d36-95b1-eb346566875b,11980cb0-d34c-406d-9bf0-7e52ceed9f73,a63f7d46-71c0-446e-b844-ec99a71ff090,
tch_20200710-165305_96,38c1a045-c2a4-11ea-96b3-0242ac110002,std_1594382117612_96,class_20200710-165305_96,49ZV-9t8Z,99b20b52-a202-4183-a2d9-5e2b9fba8416,6c248528-4cad-4558-a282-3a4c913579ee,f1eb3e63-c89c-4736-a4b9-1c3da1783c47,4fa27476-8815-46da-b37c-ceaff2a4f78e,6b892e88-9f78-4d63-a845-6ae1d3397912,
tch_20200710-165305_88,3ce8dbe3-c2a4-11ea-acee-0242ac110002,std_1594382124590_88,class_20200710-165305_88,z6D8-2R97,79fd2478-ca6d-49c2-94e9-3c7aef1d3b6f,6926c15b-0b03-4eca-b8e5-56773497d398,4ed58d47-624e-4fe2-b481-c01b91e43372,0bc70378-8b2d-4c25-8978-31c120c1cc60,60aa5d10-4a60-4566-918d-cd1464b01d35,
tch_20200710-165305_87,3dbb6de2-c2a4-11ea-96b3-0242ac110002,std_1594382125930_87,class_20200710-165305_87,fNH7-w7Zc,d7b1d1a3-b27e-4c63-978b-c26cd23adb9d,1aa5c3be-9cbf-4230-945c-dd4e990dbc70,f3574588-3bf1-44a8-aa7b-0014e4f86a95,94c5fd94-624a-4a24-89b4-44fb95395fc9,393a92bb-0d1d-4c4f-9b63-84c585226266,
tch_20200710-165305_99,3ca40a3b-c2a4-11ea-89f8-0242ac110002,std_1594382124108_99,class_20200710-165305_99,Q2k6-EcVf,30bf4c87-e830-4971-9e6f-3f9c9dc81e47,d5351c71-e24d-4ce6-918d-4854de6de335,b863b31a-a41f-42b0-94ab-059c36413121,bac1629f-55fc-4f14-8909-ec71e53a8fd3,13afb50b-8bfe-4558-81cd-6434a4391400,
tch_20200710-165305_98,3ea53205-c2a4-11ea-89f8-0242ac110002,std_1594382127500_98,class_20200710-165305_98,9QbZ-27yn,182b5b39-e553-4492-9f39-8eb31cc03a81,3514bf08-2f1c-4d2b-b498-314ea1dbac43,e6b0d722-6d78-4952-a7a4-098cffc75586,857a2cf5-ada7-4aae-98c3-b95fa4a3fd13,5af4b57d-1c95-4280-8b49-26b9b79ae955,
tch_20200710-165305_89,3e926d9e-c2a4-11ea-96b3-0242ac110002,std_1594382127380_89,class_20200710-165305_89,m7Nu-4dmo,b184bb5b-1fa2-4890-930d-2a8cea77a6ea,dcebd4c9-bfdc-4225-a600-851f921fb36d,4d95c5ac-6a3c-4036-bc85-ba472d1218ac,9f97ddd3-267c-4ba2-90a4-789cd88e94f2,5b9483be-9c1f-4101-baa7-139974e3c2c2,
tch_20200710-165305_93,3e90e6ca-c2a4-11ea-acee-0242ac110002,std_1594382127366_93,class_20200710-165305_93,NKM8-ETL8,f2d6615e-b121-4d35-9c55-8a928a6440ee,adda878c-bc3b-4b8d-88e4-50d7028b3be6,b183bb6c-064a-476b-b2bd-79c9a0cb0baa,0f1bd83c-12c1-4fab-be78-46d5ce28b914,18893546-9463-4f25-9cf8-366bd9a5f218,
tch_20200710-165305_95,41736d7d-c2a4-11ea-96b3-0242ac110002,std_1594382132228_95,class_20200710-165305_95,BfD9-UNek,f6451437-4c05-4d52-94a7-1b44a3a8d119,f5705741-7c94-4dcc-80ef-782714138eb4,12271f58-01d0-427d-87dd-72a1c5ea58ad,56c18698-d911-4732-887d-b048a2df146b,947ffe60-35d3-448c-989a-1737fbc20cf2,
tch_20200710-165305_81,41d5b102-c2a4-11ea-acee-0242ac110002,std_1594382132857_81,class_20200710-165305_81,bGfB-uTRe,fbf2f096-f1eb-4f92-8682-f8f7466a6ee5,731024c7-240d-4fca-b4db-e0337125d9dc,9062f563-1994-405b-a9c2-e703fbfe737e,d60e96e3-0dba-488f-a932-8c7baee5802c,1bd3aa32-463c-47f1-96e3-b273a5d9258a,
tch_20200710-165305_85,428ca536-c2a4-11ea-96b3-0242ac110002,std_1594382134033_85,class_20200710-165305_85,qZz9-rihD,01de1cca-e69c-4a96-95ac-27803c40669e,01624a46-e815-456a-a972-fd56987f6c9c,5121933c-a509-45d3-bb01-e211c96c30e6,e998e11e-914c-4e8d-8ad8-9c94bfde197d,131d82d2-9c4a-46e8-8d90-71fef6727621,
tch_20200710-165305_82,40b5e951-c2a4-11ea-af23-0242ac110002,std_1594382130974_82,class_20200710-165305_82,cbcL-V3f4,e6bac226-444d-4700-a9eb-dfccdec84136,0ce11734-36be-420a-a15f-a86ead60cec7,885e0ffd-ea47-4262-ab8e-48f50e0deb6c,c17a7071-0b54-4f4a-aa46-0400d43e27f5,387fb081-8962-4dbc-8154-d26282c18589,
tch_20200710-165305_90,4250fb81-c2a4-11ea-acee-0242ac110002,std_1594382133589_90,class_20200710-165305_90,GV7V-4cMF,fa8729bf-1868-42b8-971b-e91e1a83dde8,d5518da6-5d45-43a8-931f-b90ba1eda9e1,83a34b8f-8820-4628-b166-49e53d9c7932,9d64def0-9f5b-4e14-952e-dac91e48846d,f2db0845-9803-465e-a11d-aeb8cff1c3e8,
tch_20200710-165305_86,410a4b69-c2a4-11ea-af23-0242ac110002,std_1594382131540_86,class_20200710-165305_86,u63e-Gi9s,901044aa-947c-4639-a749-e7b5aee3fb32,7e774dc8-6167-45e8-86db-575f35972df8,ba595de8-0f6d-4da6-bb08-7b94cfbf4460,222db709-410a-48d2-882a-f223e5bf22dd,c930cc8b-c335-469b-aaa7-a42b3975cac5,
tch_20200710-165305_94,420a07bf-c2a4-11ea-89f8-0242ac110002,std_1594382133200_94,class_20200710-165305_94,9pW8-43Ef,6b0f4210-f549-42f2-8c2b-c6ba8ee79333,2345a93e-aa15-4472-9681-aecd4d8497ed,d1f2f7ec-e648-4986-82e1-7cf1cd507ef2,b964f73b-6a94-404b-84fc-77693b2a4d2c,38061fff-2e17-4e29-9018-50b01a390577,
tch_20200710-165305_83,422864fe-c2a4-11ea-af23-0242ac110002,std_1594382133420_83,class_20200710-165305_83,g49z-qdwv,33cb695b-569b-4d2e-b8f4-525a4c4947ee,e4088881-3ef5-45a3-a465-988e418488e7,18130c2c-c45c-4a87-9bd0-2b781dff95ba,765b90e3-5ccf-4378-8d2d-b956da116903,02703037-dda6-4b4c-a5c8-3ee1f56fec55,
tch_20200710-165305_84,442f0a3d-c2a4-11ea-96b3-0242ac110002,std_1594382136804_84,class_20200710-165305_84,7F6x-RhY7,c644309e-b41a-4360-8093-54d0fb93d28b,04942e49-89a0-4f5d-9b39-1f84e13d4a70,82b6b1e3-d4b6-4673-9eef-736a905156c2,63593b04-d0bc-4d2b-ac56-f936547f0195,f2e8a383-10a4-4dfb-8682-7068530ceda7,
tch_20200710-165305_92,46adc5ed-c2a4-11ea-89f8-0242ac110002,std_1594382140971_92,class_20200710-165305_92,F3EP-9xw3,2e3c7014-d7ad-4dcc-9463-7fce479e4017,41f373f3-b43d-4488-aab4-482fba8858a4,3b29c6d1-aede-4d36-95b1-eb346566875b,11980cb0-d34c-406d-9bf0-7e52ceed9f73,a63f7d46-71c0-446e-b844-ec99a71ff090,
tch_20200710-165305_91,4453a9d2-c2a4-11ea-acee-0242ac110002,std_1594382137044_91,class_20200710-165305_91,eu7U-DE26,9c0f307e-a77a-4a45-9d27-d5cf90712c4c,d66fc219-2d1e-4fed-9839-02c48a64bd86,784a66a9-7e0f-42f0-b08b-e6f68b40ff20,1ba2b96b-c1d1-41d0-9160-98f0bc82d4e8,772dc2b6-bc3b-4a6a-94fb-f66891d93595,
tch_20200710-165305_97,4656f37e-c2a4-11ea-96b3-0242ac110002,std_1594382140413_97,class_20200710-165305_97,M8my-Uih6,c0a9f140-cf7d-4eb1-ae4f-bea1a3ca417b,7eef1a9e-2863-4751-921f-912fb1af5d6b,4c4e0b18-bf22-463f-acc3-26e325d227e6,8c1c0264-37c6-44c9-8eca-bb888d6a5e2a,9a164974-7404-4207-b818-50d54c967c61,
tch_20200710-165305_96,46b5401f-c2a4-11ea-acee-0242ac110002,std_1594382141024_96,class_20200710-165305_96,49ZV-9t8Z,99b20b52-a202-4183-a2d9-5e2b9fba8416,6c248528-4cad-4558-a282-3a4c913579ee,f1eb3e63-c89c-4736-a4b9-1c3da1783c47,4fa27476-8815-46da-b37c-ceaff2a4f78e,6b892e88-9f78-4d63-a845-6ae1d3397912,
tch_20200710-165305_99,4a98bbd1-c2a4-11ea-96b3-0242ac110002,std_1594382147514_99,class_20200710-165305_99,Q2k6-EcVf,30bf4c87-e830-4971-9e6f-3f9c9dc81e47,d5351c71-e24d-4ce6-918d-4854de6de335,b863b31a-a41f-42b0-94ab-059c36413121,bac1629f-55fc-4f14-8909-ec71e53a8fd3,13afb50b-8bfe-4558-81cd-6434a4391400,
tch_20200710-165305_100,4687a0fa-c2a4-11ea-acee-0242ac110002,std_1594382140736_100,class_20200710-165305_100,Muaf-UM4a,df680152-6125-4bf7-b493-d97d446eeef8,9791fbf8-a01b-4a9b-8493-c0a604ef5c9d,c843f974-4472-46a9-b9a0-7bb890fdbfaf,fdfba500-9b7e-4bac-92ff-a309971d7915,3819f39b-50e0-43cc-9d79-d18c58189c25,
tch_20200710-165305_88,4918aba9-c2a4-11ea-89f8-0242ac110002,std_1594382145052_88,class_20200710-165305_88,z6D8-2R97,79fd2478-ca6d-49c2-94e9-3c7aef1d3b6f,6926c15b-0b03-4eca-b8e5-56773497d398,4ed58d47-624e-4fe2-b481-c01b91e43372,0bc70378-8b2d-4c25-8978-31c120c1cc60,60aa5d10-4a60-4566-918d-cd1464b01d35,
tch_20200710-165305_87,49f79a75-c2a4-11ea-89f8-0242ac110002,std_1594382146500_87,class_20200710-165305_87,fNH7-w7Zc,d7b1d1a3-b27e-4c63-978b-c26cd23adb9d,1aa5c3be-9cbf-4230-945c-dd4e990dbc70,f3574588-3bf1-44a8-aa7b-0014e4f86a95,94c5fd94-624a-4a24-89b4-44fb95395fc9,393a92bb-0d1d-4c4f-9b63-84c585226266,
tch_20200710-165305_98,4b245a67-c2a4-11ea-acee-0242ac110002,std_1594382148461_98,class_20200710-165305_98,9QbZ-27yn,182b5b39-e553-4492-9f39-8eb31cc03a81,3514bf08-2f1c-4d2b-b498-314ea1dbac43,e6b0d722-6d78-4952-a7a4-098cffc75586,857a2cf5-ada7-4aae-98c3-b95fa4a3fd13,5af4b57d-1c95-4280-8b49-26b9b79ae955,
tch_20200710-165305_95,4dcb36ed-c2a4-11ea-96b3-0242ac110002,std_1594382152909_95,class_20200710-165305_95,BfD9-UNek,f6451437-4c05-4d52-94a7-1b44a3a8d119,f5705741-7c94-4dcc-80ef-782714138eb4,12271f58-01d0-427d-87dd-72a1c5ea58ad,56c18698-d911-4732-887d-b048a2df146b,947ffe60-35d3-448c-989a-1737fbc20cf2,
tch_20200710-165305_89,4da9a58d-c2a4-11ea-acee-0242ac110002,std_1594382152675_89,class_20200710-165305_89,m7Nu-4dmo,b184bb5b-1fa2-4890-930d-2a8cea77a6ea,dcebd4c9-bfdc-4225-a600-851f921fb36d,4d95c5ac-6a3c-4036-bc85-ba472d1218ac,9f97ddd3-267c-4ba2-90a4-789cd88e94f2,5b9483be-9c1f-4101-baa7-139974e3c2c2,
tch_20200710-165305_93,4db9f97f-c2a4-11ea-96b3-0242ac110002,std_1594382152811_93,class_20200710-165305_93,NKM8-ETL8,f2d6615e-b121-4d35-9c55-8a928a6440ee,adda878c-bc3b-4b8d-88e4-50d7028b3be6,b183bb6c-064a-476b-b2bd-79c9a0cb0baa,0f1bd83c-12c1-4fab-be78-46d5ce28b914,18893546-9463-4f25-9cf8-366bd9a5f218,
tch_20200710-165305_82,4fe7123f-c2a4-11ea-af23-0242ac110002,std_1594382156461_82,class_20200710-165305_82,cbcL-V3f4,e6bac226-444d-4700-a9eb-dfccdec84136,0ce11734-36be-420a-a15f-a86ead60cec7,885e0ffd-ea47-4262-ab8e-48f50e0deb6c,c17a7071-0b54-4f4a-aa46-0400d43e27f5,387fb081-8962-4dbc-8154-d26282c18589,
tch_20200710-165305_83,51523bae-c2a4-11ea-af23-0242ac110002,std_1594382158832_83,class_20200710-165305_83,g49z-qdwv,33cb695b-569b-4d2e-b8f4-525a4c4947ee,e4088881-3ef5-45a3-a465-988e418488e7,18130c2c-c45c-4a87-9bd0-2b781dff95ba,765b90e3-5ccf-4378-8d2d-b956da116903,02703037-dda6-4b4c-a5c8-3ee1f56fec55,
tch_20200710-165305_94,50edfaaf-c2a4-11ea-acee-0242ac110002,std_1594382158169_94,class_20200710-165305_94,9pW8-43Ef,6b0f4210-f549-42f2-8c2b-c6ba8ee79333,2345a93e-aa15-4472-9681-aecd4d8497ed,d1f2f7ec-e648-4986-82e1-7cf1cd507ef2,b964f73b-6a94-404b-84fc-77693b2a4d2c,38061fff-2e17-4e29-9018-50b01a390577,
tch_20200710-165305_90,5055da2d-c2a4-11ea-af23-0242ac110002,std_1594382157189_90,class_20200710-165305_90,GV7V-4cMF,fa8729bf-1868-42b8-971b-e91e1a83dde8,d5518da6-5d45-43a8-931f-b90ba1eda9e1,83a34b8f-8820-4628-b166-49e53d9c7932,9d64def0-9f5b-4e14-952e-dac91e48846d,f2db0845-9803-465e-a11d-aeb8cff1c3e8,
tch_20200710-165305_85,4f8c48b6-c2a4-11ea-af23-0242ac110002,std_1594382155853_85,class_20200710-165305_85,qZz9-rihD,01de1cca-e69c-4a96-95ac-27803c40669e,01624a46-e815-456a-a972-fd56987f6c9c,5121933c-a509-45d3-bb01-e211c96c30e6,e998e11e-914c-4e8d-8ad8-9c94bfde197d,131d82d2-9c4a-46e8-8d90-71fef6727621,
tch_20200710-165305_86,50765a99-c2a4-11ea-89f8-0242ac110002,std_1594382157394_86,class_20200710-165305_86,u63e-Gi9s,901044aa-947c-4639-a749-e7b5aee3fb32,7e774dc8-6167-45e8-86db-575f35972df8,ba595de8-0f6d-4da6-bb08-7b94cfbf4460,222db709-410a-48d2-882a-f223e5bf22dd,c930cc8b-c335-469b-aaa7-a42b3975cac5,
tch_20200710-165305_92,52fb57a3-c2a4-11ea-89f8-0242ac110002,std_1594382161616_92,class_20200710-165305_92,F3EP-9xw3,2e3c7014-d7ad-4dcc-9463-7fce479e4017,41f373f3-b43d-4488-aab4-482fba8858a4,3b29c6d1-aede-4d36-95b1-eb346566875b,11980cb0-d34c-406d-9bf0-7e52ceed9f73,a63f7d46-71c0-446e-b844-ec99a71ff090,
tch_20200710-165305_84,51cbb0ce-c2a4-11ea-96b3-0242ac110002,std_1594382159638_84,class_20200710-165305_84,7F6x-RhY7,c644309e-b41a-4360-8093-54d0fb93d28b,04942e49-89a0-4f5d-9b39-1f84e13d4a70,82b6b1e3-d4b6-4673-9eef-736a905156c2,63593b04-d0bc-4d2b-ac56-f936547f0195,f2e8a383-10a4-4dfb-8682-7068530ceda7,
tch_20200710-165305_96,545d58c0-c2a4-11ea-96b3-0242ac110002,std_1594382163960_96,class_20200710-165305_96,49ZV-9t8Z,99b20b52-a202-4183-a2d9-5e2b9fba8416,6c248528-4cad-4558-a282-3a4c913579ee,f1eb3e63-c89c-4736-a4b9-1c3da1783c47,4fa27476-8815-46da-b37c-ceaff2a4f78e,6b892e88-9f78-4d63-a845-6ae1d3397912,
tch_20200710-165305_91,53326c9e-c2a4-11ea-af23-0242ac110002,std_1594382161996_91,class_20200710-165305_91,eu7U-DE26,9c0f307e-a77a-4a45-9d27-d5cf90712c4c,d66fc219-2d1e-4fed-9839-02c48a64bd86,784a66a9-7e0f-42f0-b08b-e6f68b40ff20,1ba2b96b-c1d1-41d0-9160-98f0bc82d4e8,772dc2b6-bc3b-4a6a-94fb-f66891d93595,
tch_20200710-165305_97,54523465-c2a4-11ea-acee-0242ac110002,std_1594382163867_97,class_20200710-165305_97,M8my-Uih6,c0a9f140-cf7d-4eb1-ae4f-bea1a3ca417b,7eef1a9e-2863-4751-921f-912fb1af5d6b,4c4e0b18-bf22-463f-acc3-26e325d227e6,8c1c0264-37c6-44c9-8eca-bb888d6a5e2a,9a164974-7404-4207-b818-50d54c967c61,
tch_20200710-165305_99,5627b7d8-c2a4-11ea-acee-0242ac110002,std_1594382166917_99,class_20200710-165305_99,Q2k6-EcVf,30bf4c87-e830-4971-9e6f-3f9c9dc81e47,d5351c71-e24d-4ce6-918d-4854de6de335,b863b31a-a41f-42b0-94ab-059c36413121,bac1629f-55fc-4f14-8909-ec71e53a8fd3,13afb50b-8bfe-4558-81cd-6434a4391400,
tch_20200710-165305_100,56312e33-c2a4-11ea-af23-0242ac110002,std_1594382167008_100,class_20200710-165305_100,Muaf-UM4a,df680152-6125-4bf7-b493-d97d446eeef8,9791fbf8-a01b-4a9b-8493-c0a604ef5c9d,c843f974-4472-46a9-b9a0-7bb890fdbfaf,fdfba500-9b7e-4bac-92ff-a309971d7915,3819f39b-50e0-43cc-9d79-d18c58189c25,
tch_20200710-165305_88,56919d05-c2a4-11ea-acee-0242ac110002,std_1594382167652_88,class_20200710-165305_88,z6D8-2R97,79fd2478-ca6d-49c2-94e9-3c7aef1d3b6f,6926c15b-0b03-4eca-b8e5-56773497d398,4ed58d47-624e-4fe2-b481-c01b91e43372,0bc70378-8b2d-4c25-8978-31c120c1cc60,60aa5d10-4a60-4566-918d-cd1464b01d35,
tch_20200710-165305_87,56d2c4fe-c2a4-11ea-89f8-0242ac110002,std_1594382168070_87,class_20200710-165305_87,fNH7-w7Zc,d7b1d1a3-b27e-4c63-978b-c26cd23adb9d,1aa5c3be-9cbf-4230-945c-dd4e990dbc70,f3574588-3bf1-44a8-aa7b-0014e4f86a95,94c5fd94-624a-4a24-89b4-44fb95395fc9,393a92bb-0d1d-4c4f-9b63-84c585226266,
tch_20200710-165305_98,58c434ba-c2a4-11ea-89f8-0242ac110002,std_1594382171326_98,class_20200710-165305_98,9QbZ-27yn,182b5b39-e553-4492-9f39-8eb31cc03a81,3514bf08-2f1c-4d2b-b498-314ea1dbac43,e6b0d722-6d78-4952-a7a4-098cffc75586,857a2cf5-ada7-4aae-98c3-b95fa4a3fd13,5af4b57d-1c95-4280-8b49-26b9b79ae955,
tch_20200710-165305_95,5a68e4ab-c2a4-11ea-af23-0242ac110002,std_1594382174071_95,class_20200710-165305_95,BfD9-UNek,f6451437-4c05-4d52-94a7-1b44a3a8d119,f5705741-7c94-4dcc-80ef-782714138eb4,12271f58-01d0-427d-87dd-72a1c5ea58ad,56c18698-d911-4732-887d-b048a2df146b,947ffe60-35d3-448c-989a-1737fbc20cf2,
tch_20200710-165305_89,5b482066-c2a4-11ea-89f8-0242ac110002,std_1594382175531_89,class_20200710-165305_89,m7Nu-4dmo,b184bb5b-1fa2-4890-930d-2a8cea77a6ea,dcebd4c9-bfdc-4225-a600-851f921fb36d,4d95c5ac-6a3c-4036-bc85-ba472d1218ac,9f97ddd3-267c-4ba2-90a4-789cd88e94f2,5b9483be-9c1f-4101-baa7-139974e3c2c2,
tch_20200710-165305_93,5be8cdd2-c2a4-11ea-af23-0242ac110002,std_1594382176608_93,class_20200710-165305_93,NKM8-ETL8,f2d6615e-b121-4d35-9c55-8a928a6440ee,adda878c-bc3b-4b8d-88e4-50d7028b3be6,b183bb6c-064a-476b-b2bd-79c9a0cb0baa,0f1bd83c-12c1-4fab-be78-46d5ce28b914,18893546-9463-4f25-9cf8-366bd9a5f218,
tch_20200710-165305_83,5d775d14-c2a4-11ea-acee-0242ac110002,std_1594382179189_83,class_20200710-165305_83,g49z-qdwv,33cb695b-569b-4d2e-b8f4-525a4c4947ee,e4088881-3ef5-45a3-a465-988e418488e7,18130c2c-c45c-4a87-9bd0-2b781dff95ba,765b90e3-5ccf-4378-8d2d-b956da116903,02703037-dda6-4b4c-a5c8-3ee1f56fec55,
tch_20200710-165305_85,5f0ffe80-c2a4-11ea-96b3-0242ac110002,std_1594382181886_85,class_20200710-165305_85,qZz9-rihD,01de1cca-e69c-4a96-95ac-27803c40669e,01624a46-e815-456a-a972-fd56987f6c9c,5121933c-a509-45d3-bb01-e211c96c30e6,e998e11e-914c-4e8d-8ad8-9c94bfde197d,131d82d2-9c4a-46e8-8d90-71fef6727621,
tch_20200710-165305_94,5edeb4ce-c2a4-11ea-96b3-0242ac110002,std_1594382181562_94,class_20200710-165305_94,9pW8-43Ef,6b0f4210-f549-42f2-8c2b-c6ba8ee79333,2345a93e-aa15-4472-9681-aecd4d8497ed,d1f2f7ec-e648-4986-82e1-7cf1cd507ef2,b964f73b-6a94-404b-84fc-77693b2a4d2c,38061fff-2e17-4e29-9018-50b01a390577,
tch_20200710-165305_92,5f44065b-c2a4-11ea-af23-0242ac110002,std_1594382182242_92,class_20200710-165305_92,F3EP-9xw3,2e3c7014-d7ad-4dcc-9463-7fce479e4017,41f373f3-b43d-4488-aab4-482fba8858a4,3b29c6d1-aede-4d36-95b1-eb346566875b,11980cb0-d34c-406d-9bf0-7e52ceed9f73,a63f7d46-71c0-446e-b844-ec99a71ff090,
tch_20200710-165305_86,5f1b9742-c2a4-11ea-af23-0242ac110002,std_1594382181982_86,class_20200710-165305_86,u63e-Gi9s,901044aa-947c-4639-a749-e7b5aee3fb32,7e774dc8-6167-45e8-86db-575f35972df8,ba595de8-0f6d-4da6-bb08-7b94cfbf4460,222db709-410a-48d2-882a-f223e5bf22dd,c930cc8b-c335-469b-aaa7-a42b3975cac5,
tch_20200710-165305_96,621b1b5e-c2a4-11ea-af23-0242ac110002,std_1594382187001_96,class_20200710-165305_96,49ZV-9t8Z,99b20b52-a202-4183-a2d9-5e2b9fba8416,6c248528-4cad-4558-a282-3a4c913579ee,f1eb3e63-c89c-4736-a4b9-1c3da1783c47,4fa27476-8815-46da-b37c-ceaff2a4f78e,6b892e88-9f78-4d63-a845-6ae1d3397912,
tch_20200710-165305_84,5f4f9f4f-c2a4-11ea-96b3-0242ac110002,std_1594382182320_84,class_20200710-165305_84,7F6x-RhY7,c644309e-b41a-4360-8093-54d0fb93d28b,04942e49-89a0-4f5d-9b39-1f84e13d4a70,82b6b1e3-d4b6-4673-9eef-736a905156c2,63593b04-d0bc-4d2b-ac56-f936547f0195,f2e8a383-10a4-4dfb-8682-7068530ceda7,
tch_20200710-165305_90,5f0fd76d-c2a4-11ea-96b3-0242ac110002,std_1594382181877_90,class_20200710-165305_90,GV7V-4cMF,fa8729bf-1868-42b8-971b-e91e1a83dde8,d5518da6-5d45-43a8-931f-b90ba1eda9e1,83a34b8f-8820-4628-b166-49e53d9c7932,9d64def0-9f5b-4e14-952e-dac91e48846d,f2db0845-9803-465e-a11d-aeb8cff1c3e8,
tch_20200710-165305_91,62782ee1-c2a4-11ea-af23-0242ac110002,std_1594382187530_91,class_20200710-165305_91,eu7U-DE26,9c0f307e-a77a-4a45-9d27-d5cf90712c4c,d66fc219-2d1e-4fed-9839-02c48a64bd86,784a66a9-7e0f-42f0-b08b-e6f68b40ff20,1ba2b96b-c1d1-41d0-9160-98f0bc82d4e8,772dc2b6-bc3b-4a6a-94fb-f66891d93595,
tch_20200710-165305_88,637776db-c2a4-11ea-96b3-0242ac110002,std_1594382189271_88,class_20200710-165305_88,z6D8-2R97,79fd2478-ca6d-49c2-94e9-3c7aef1d3b6f,6926c15b-0b03-4eca-b8e5-56773497d398,4ed58d47-624e-4fe2-b481-c01b91e43372,0bc70378-8b2d-4c25-8978-31c120c1cc60,60aa5d10-4a60-4566-918d-cd1464b01d35,
tch_20200710-165305_97,62f7231f-c2a4-11ea-acee-0242ac110002,std_1594382188433_97,class_20200710-165305_97,M8my-Uih6,c0a9f140-cf7d-4eb1-ae4f-bea1a3ca417b,7eef1a9e-2863-4751-921f-912fb1af5d6b,4c4e0b18-bf22-463f-acc3-26e325d227e6,8c1c0264-37c6-44c9-8eca-bb888d6a5e2a,9a164974-7404-4207-b818-50d54c967c61,
tch_20200710-165305_100,6335d99c-c2a4-11ea-96b3-0242ac110002,std_1594382188847_100,class_20200710-165305_100,Muaf-UM4a,df680152-6125-4bf7-b493-d97d446eeef8,9791fbf8-a01b-4a9b-8493-c0a604ef5c9d,c843f974-4472-46a9-b9a0-7bb890fdbfaf,fdfba500-9b7e-4bac-92ff-a309971d7915,3819f39b-50e0-43cc-9d79-d18c58189c25,
tch_20200710-165305_87,648b3064-c2a4-11ea-af23-0242ac110002,std_1594382191069_87,class_20200710-165305_87,fNH7-w7Zc,d7b1d1a3-b27e-4c63-978b-c26cd23adb9d,1aa5c3be-9cbf-4230-945c-dd4e990dbc70,f3574588-3bf1-44a8-aa7b-0014e4f86a95,94c5fd94-624a-4a24-89b4-44fb95395fc9,393a92bb-0d1d-4c4f-9b63-84c585226266,
tch_20200710-165305_99,62ffd5f6-c2a4-11ea-96b3-0242ac110002,std_1594382188506_99,class_20200710-165305_99,Q2k6-EcVf,30bf4c87-e830-4971-9e6f-3f9c9dc81e47,d5351c71-e24d-4ce6-918d-4854de6de335,b863b31a-a41f-42b0-94ab-059c36413121,bac1629f-55fc-4f14-8909-ec71e53a8fd3,13afb50b-8bfe-4558-81cd-6434a4391400,
tch_20200710-165305_95,66389328-c2a4-11ea-96b3-0242ac110002,std_1594382193909_95,class_20200710-165305_95,BfD9-UNek,f6451437-4c05-4d52-94a7-1b44a3a8d119,f5705741-7c94-4dcc-80ef-782714138eb4,12271f58-01d0-427d-87dd-72a1c5ea58ad,56c18698-d911-4732-887d-b048a2df146b,947ffe60-35d3-448c-989a-1737fbc20cf2,
tch_20200710-165305_98,65fff689-c2a4-11ea-96b3-0242ac110002,std_1594382193532_98,class_20200710-165305_98,9QbZ-27yn,182b5b39-e553-4492-9f39-8eb31cc03a81,3514bf08-2f1c-4d2b-b498-314ea1dbac43,e6b0d722-6d78-4952-a7a4-098cffc75586,857a2cf5-ada7-4aae-98c3-b95fa4a3fd13,5af4b57d-1c95-4280-8b49-26b9b79ae955,
tch_20200710-165305_94,6c2b8d6f-c2a4-11ea-96b3-0242ac110002,std_1594382203904_94,class_20200710-165305_94,9pW8-43Ef,6b0f4210-f549-42f2-8c2b-c6ba8ee79333,2345a93e-aa15-4472-9681-aecd4d8497ed,d1f2f7ec-e648-4986-82e1-7cf1cd507ef2,b964f73b-6a94-404b-84fc-77693b2a4d2c,38061fff-2e17-4e29-9018-50b01a390577,
tch_20200710-165305_93,6a0467a6-c2a4-11ea-acee-0242ac110002,std_1594382200255_93,class_20200710-165305_93,NKM8-ETL8,f2d6615e-b121-4d35-9c55-8a928a6440ee,adda878c-bc3b-4b8d-88e4-50d7028b3be6,b183bb6c-064a-476b-b2bd-79c9a0cb0baa,0f1bd83c-12c1-4fab-be78-46d5ce28b914,18893546-9463-4f25-9cf8-366bd9a5f218,
tch_20200710-165305_89,693a6174-c2a4-11ea-acee-0242ac110002,std_1594382198926_89,class_20200710-165305_89,m7Nu-4dmo,b184bb5b-1fa2-4890-930d-2a8cea77a6ea,dcebd4c9-bfdc-4225-a600-851f921fb36d,4d95c5ac-6a3c-4036-bc85-ba472d1218ac,9f97ddd3-267c-4ba2-90a4-789cd88e94f2,5b9483be-9c1f-4101-baa7-139974e3c2c2,
tch_20200710-165305_96,6d462538-c2a4-11ea-96b3-0242ac110002,std_1594382205736_96,class_20200710-165305_96,49ZV-9t8Z,99b20b52-a202-4183-a2d9-5e2b9fba8416,6c248528-4cad-4558-a282-3a4c913579ee,f1eb3e63-c89c-4736-a4b9-1c3da1783c47,4fa27476-8815-46da-b37c-ceaff2a4f78e,6b892e88-9f78-4d63-a845-6ae1d3397912,
tch_20200710-165305_84,6d47f9e4-c2a4-11ea-acee-0242ac110002,std_1594382205758_84,class_20200710-165305_84,7F6x-RhY7,c644309e-b41a-4360-8093-54d0fb93d28b,04942e49-89a0-4f5d-9b39-1f84e13d4a70,82b6b1e3-d4b6-4673-9eef-736a905156c2,63593b04-d0bc-4d2b-ac56-f936547f0195,f2e8a383-10a4-4dfb-8682-7068530ceda7,
tch_20200710-165305_92,6d0d6192-c2a4-11ea-af23-0242ac110002,std_1594382205370_92,class_20200710-165305_92,F3EP-9xw3,2e3c7014-d7ad-4dcc-9463-7fce479e4017,41f373f3-b43d-4488-aab4-482fba8858a4,3b29c6d1-aede-4d36-95b1-eb346566875b,11980cb0-d34c-406d-9bf0-7e52ceed9f73,a63f7d46-71c0-446e-b844-ec99a71ff090,
tch_20200710-165305_85,6bc99704-c2a4-11ea-96b3-0242ac110002,std_1594382203250_85,class_20200710-165305_85,qZz9-rihD,01de1cca-e69c-4a96-95ac-27803c40669e,01624a46-e815-456a-a972-fd56987f6c9c,5121933c-a509-45d3-bb01-e211c96c30e6,e998e11e-914c-4e8d-8ad8-9c94bfde197d,131d82d2-9c4a-46e8-8d90-71fef6727621,
tch_20200710-165305_86,6d1e2a9d-c2a4-11ea-af23-0242ac110002,std_1594382205462_86,class_20200710-165305_86,u63e-Gi9s,901044aa-947c-4639-a749-e7b5aee3fb32,7e774dc8-6167-45e8-86db-575f35972df8,ba595de8-0f6d-4da6-bb08-7b94cfbf4460,222db709-410a-48d2-882a-f223e5bf22dd,c930cc8b-c335-469b-aaa7-a42b3975cac5,
tch_20200710-165305_88,6f28ee8f-c2a4-11ea-96b3-0242ac110002,std_1594382208862_88,class_20200710-165305_88,z6D8-2R97,tch_20200710-165305_9179fd2478-ca6d-49c2-94e9-3c7aef1d3b6f,6926c15b-0b03-4eca-b8e5-56773497d398,4ed58d47-624e-4fe2-b481-c01b91e43372,0bc70378-8b2d-4c25-8978-31c120c1cc60,60aa5d10-4a60-4566-918d-cd1464b01d35,
,6e120088-c2a4-11ea-89f8-0242ac110002,std_1594382207064_91,class_20200710-165305_91,eu7U-DE26,9c0f307e-a77a-4a45-9d27-d5cf90712c4c,d66fc219-2d1e-4fed-9839-02c48a64bd86,784a66a9-7e0f-42f0-b08b-e6f68b40ff20,1ba2b96b-c1d1-41d0-9160-98f0bc82d4e8,772dc2b6-bc3b-4a6a-94fb-f66891d93595,
tch_20200710-165305_97,6fd6bb29-c2a4-11ea-acee-0242ac110002,std_1594382209984_97,class_20200710-165305_97,M8my-Uih6,c0a9f140-cf7d-4eb1-ae4f-bea1a3ca417b,7eef1a9e-2863-4751-921f-912fb1af5d6b,4c4e0b18-bf22-463f-acc3-26e325d227e6,8c1c0264-37c6-44c9-8eca-bb888d6a5e2a,9a164974-7404-4207-b818-50d54c967c61,
tch_20200710-165305_90,6de858bd-c2a4-11ea-af23-0242ac110002,std_1594382206805_90,class_20200710-165305_90,GV7V-4cMF,fa8729bf-1868-42b8-971b-e91e1a83dde8,d5518da6-5d45-43a8-931f-b90ba1eda9e1,83a34b8f-8820-4628-b166-49e53d9c7932,9d64def0-9f5b-4e14-952e-dac91e48846d,f2db0845-9803-465e-a11d-aeb8cff1c3e8,
tch_20200710-165305_100,7000636e-c2a4-11ea-96b3-0242ac110002,std_1594382210315_100,class_20200710-165305_100,Muaf-UM4a,df680152-6125-4bf7-b493-d97d446eeef8,9791fbf8-a01b-4a9b-8493-c0a604ef5c9d,c843f974-4472-46a9-b9a0-7bb890fdbfaf,fdfba500-9b7e-4bac-92ff-a309971d7915,3819f39b-50e0-43cc-9d79-d18c58189c25,
tch_20200710-165305_87,70357c94-c2a4-11ea-96b3-0242ac110002,std_1594382210668_87,class_20200710-165305_87,fNH7-w7Zc,d7b1d1a3-b27e-4c63-978b-c26cd23adb9d,1aa5c3be-9cbf-4230-945c-dd4e990dbc70,f3574588-3bf1-44a8-aa7b-0014e4f86a95,94c5fd94-624a-4a24-89b4-44fb95395fc9,393a92bb-0d1d-4c4f-9b63-84c585226266,
tch_20200710-165305_99,7253c967-c2a4-11ea-acee-0242ac110002,std_1594382214215_99,class_20200710-165305_99,Q2k6-EcVf,30bf4c87-e830-4971-9e6f-3f9c9dc81e47,d5351c71-e24d-4ce6-918d-4854de6de335,b863b31a-a41f-42b0-94ab-059c36413121,bac1629f-55fc-4f14-8909-ec71e53a8fd3,13afb50b-8bfe-4558-81cd-6434a4391400,
tch_20200710-165305_98,7532a5f1-c2a4-11ea-af23-0242ac110002,std_1594382219011_98,class_20200710-165305_98,9QbZ-27yn,182b5b39-e553-4492-9f39-8eb31cc03a81,3514bf08-2f1c-4d2b-b498-314ea1dbac43,e6b0d722-6d78-4952-a7a4-098cffc75586,857a2cf5-ada7-4aae-98c3-b95fa4a3fd13,5af4b57d-1c95-4280-8b49-26b9b79ae955,
tch_20200710-165305_95,736475a7-c2a4-11ea-96b3-0242ac110002,std_1594382216018_95,class_20200710-165305_95,BfD9-UNek,f6451437-4c05-4d52-94a7-1b44a3a8d119,f5705741-7c94-4dcc-80ef-782714138eb4,12271f58-01d0-427d-87dd-72a1c5ea58ad,56c18698-d911-4732-887d-b048a2df146b,947ffe60-35d3-448c-989a-1737fbc20cf2,
tch_20200710-165305_94,76cd43a6-c2a4-11ea-96b3-0242ac110002,std_1594382221685_94,class_20200710-165305_94,9pW8-43Ef,6b0f4210-f549-42f2-8c2b-c6ba8ee79333,2345a93e-aa15-4472-9681-aecd4d8497ed,d1f2f7ec-e648-4986-82e1-7cf1cd507ef2,b964f73b-6a94-404b-84fc-77693b2a4d2c,38061fff-2e17-4e29-9018-50b01a390577,
tch_20200710-165305_93,77c62245-c2a4-11ea-af23-0242ac110002,std_1594382223365_93,class_20200710-165305_93,NKM8-ETL8,f2d6615e-b121-4d35-9c55-8a928a6440ee,adda878c-bc3b-4b8d-88e4-50d7028b3be6,b183bb6c-064a-476b-b2bd-79c9a0cb0baa,0f1bd83c-12c1-4fab-be78-46d5ce28b914,18893546-9463-4f25-9cf8-366bd9a5f218,
tch_20200710-165305_89,788134dd-c2a4-11ea-89f8-0242ac110002,std_1594382224591_89,class_20200710-165305_89,m7Nu-4dmo,b184bb5b-1fa2-4890-930d-2a8cea77a6ea,dcebd4c9-bfdc-4225-a600-851f921fb36d,4d95c5ac-6a3c-4036-bc85-ba472d1218ac,9f97ddd3-267c-4ba2-90a4-789cd88e94f2,5b9483be-9c1f-4101-baa7-139974e3c2c2,
tch_20200710-165305_96,79336d94-c2a4-11ea-acee-0242ac110002,std_1594382225728_96,class_20200710-165305_96,49ZV-9t8Z,99b20b52-a202-4183-a2d9-5e2b9fba8416,6c248528-4cad-4558-a282-3a4c913579ee,f1eb3e63-c89c-4736-a4b9-1c3da1783c47,4fa27476-8815-46da-b37c-ceaff2a4f78e,6b892e88-9f78-4d63-a845-6ae1d3397912,
tch_20200710-165305_88,7b9c09ab-c2a4-11ea-acee-0242ac110002,std_1594382229773_88,class_20200710-165305_88,z6D8-2R97,79fd2478-ca6d-49c2-94e9-3c7aef1d3b6f,6926c15b-0b03-4eca-b8e5-56773497d398,4ed58d47-624e-4fe2-b481-c01b91e43372,0bc70378-8b2d-4c25-8978-31c120c1cc60,60aa5d10-4a60-4566-918d-cd1464b01d35,
tch_20200710-165305_92,7a6c3c6d-c2a4-11ea-af23-0242ac110002,std_1594382227788_92,class_20200710-165305_92,F3EP-9xw3,2e3c7014-d7ad-4dcc-9463-7fce479e4017,41f373f3-b43d-4488-aab4-482fba8858a4,3b29c6d1-aede-4d36-95b1-eb346566875b,11980cb0-d34c-406d-9bf0-7e52ceed9f73,a63f7d46-71c0-446e-b844-ec99a71ff090,
tch_20200710-165305_90,7c3d792a-c2a4-11ea-af23-0242ac110002,std_1594382230839_90,class_20200710-165305_90,GV7V-4cMF,fa8729bf-1868-42b8-971b-e91e1a83dde8,d5518da6-5d45-43a8-931f-b90ba1eda9e1,83a34b8f-8820-4628-b166-49e53d9c7932,9d64def0-9f5b-4e14-952e-dac91e48846d,f2db0845-9803-465e-a11d-aeb8cff1c3e8,
tch_20200710-165305_86,7b745cfa-c2a4-11ea-96b3-0242ac110002,std_1594382229531_86,class_20200710-165305_86,u63e-Gi9s,901044aa-947c-4639-a749-e7b5aee3fb32,7e774dc8-6167-45e8-86db-575f35972df8,ba595de8-0f6d-4da6-bb08-7b94cfbf4460,222db709-410a-48d2-882a-f223e5bf22dd,c930cc8b-c335-469b-aaa7-a42b3975cac5,
tch_20200710-165305_97,7c305a6f-c2a4-11ea-acee-0242ac110002,std_1594382230758_97,class_20200710-165305_97,M8my-Uih6,c0a9f140-cf7d-4eb1-ae4f-bea1a3ca417b,7eef1a9e-2863-4751-921f-912fb1af5d6b,4c4e0b18-bf22-463f-acc3-26e325d227e6,8c1c0264-37c6-44c9-8eca-bb888d6a5e2a,9a164974-7404-4207-b818-50d54c967c61,
tch_20200710-165305_91,7b9be298-c2a4-11ea-acee-0242ac110002,std_1594382229773_91,class_20200710-165305_91,eu7U-DE26,9c0f307e-a77a-4a45-9d27-d5cf90712c4c,d66fc219-2d1e-4fed-9839-02c48a64bd86,784a66a9-7e0f-42f0-b08b-e6f68b40ff20,1ba2b96b-c1d1-41d0-9160-98f0bc82d4e8,772dc2b6-bc3b-4a6a-94fb-f66891d93595,
tch_20200710-165305_85,7b12dc16-c2a4-11ea-af23-0242ac110002,std_1594382228877_85,class_20200710-165305_85,qZz9-rihD,01de1cca-e69c-4a96-95ac-27803c40669e,01624a46-e815-456a-a972-fd56987f6c9c,5121933c-a509-45d3-bb01-e211c96c30e6,e998e11e-914c-4e8d-8ad8-9c94bfde197d,131d82d2-9c4a-46e8-8d90-71fef6727621,
tch_20200710-165305_100,7dfc8f18-c2a4-11ea-89f8-0242ac110002,std_1594382233746_100,class_20200710-165305_100,Muaf-UM4a,df680152-6125-4bf7-b493-d97d446eeef8,9791fbf8-a01b-4a9b-8493-c0a604ef5c9d,c843f974-4472-46a9-b9a0-7bb890fdbfaf,fdfba500-9b7e-4bac-92ff-a309971d7915,3819f39b-50e0-43cc-9d79-d18c58189c25,
tch_20200710-165305_98,801758be-c2a4-11ea-89f8-0242ac110002,std_1594382237268_98,class_20200710-165305_98,9QbZ-27yn,182b5b39-e553-4492-9f39-8eb31cc03a81,3514bf08-2f1c-4d2b-b498-314ea1dbac43,e6b0d722-6d78-4952-a7a4-098cffc75586,857a2cf5-ada7-4aae-98c3-b95fa4a3fd13,5af4b57d-1c95-4280-8b49-26b9b79ae955,
tch_20200710-165305_99,7fffb187-c2a4-11ea-acee-0242ac110002,std_1594382237144_99,class_20200710-165305_99,Q2k6-EcVf,30bf4c87-e830-4971-9e6f-3f9c9dc81e47,d5351c71-e24d-4ce6-918d-4854de6de335,b863b31a-a41f-42b0-94ab-059c36413121,bac1629f-55fc-4f14-8909-ec71e53a8fd3,13afb50b-8bfe-4558-81cd-6434a4391400,
tch_20200710-165305_87,7ed2f153-c2a4-11ea-af23-0242ac110002,std_1594382235187_87,class_20200710-165305_87,fNH7-w7Zc,d7b1d1a3-b27e-4c63-978b-c26cd23adb9d,1aa5c3be-9cbf-4230-945c-dd4e990dbc70,f3574588-3bf1-44a8-aa7b-0014e4f86a95,94c5fd94-624a-4a24-89b4-44fb95395fc9,393a92bb-0d1d-4c4f-9b63-84c585226266,
tch_20200710-165305_95,81136bfb-c2a4-11ea-89f8-0242ac110002,std_1594382238968_95,class_20200710-165305_95,BfD9-UNek,f6451437-4c05-4d52-94a7-1b44a3a8d119,f5705741-7c94-4dcc-80ef-782714138eb4,12271f58-01d0-427d-87dd-72a1c5ea58ad,56c18698-d911-4732-887d-b048a2df146b,947ffe60-35d3-448c-989a-1737fbc20cf2,
tch_20200710-165305_94,846d9397-c2a4-11ea-89f8-0242ac110002,std_1594382244593_94,class_20200710-165305_94,9pW8-43Ef,6b0f4210-f549-42f2-8c2b-c6ba8ee79333,2345a93e-aa15-4472-9681-aecd4d8497ed,d1f2f7ec-e648-4986-82e1-7cf1cd507ef2,b964f73b-6a94-404b-84fc-77693b2a4d2c,38061fff-2e17-4e29-9018-50b01a390577,
tch_20200710-165305_89,85b04c49-c2a4-11ea-89f8-0242ac110002,std_1594382246696_89,class_20200710-165305_89,m7Nu-4dmo,b184bb5b-1fa2-4890-930d-2a8cea77a6ea,dcebd4c9-bfdc-4225-a600-851f921fb36d,4d95c5ac-6a3c-4036-bc85-ba472d1218ac,9f97ddd3-267c-4ba2-90a4-789cd88e94f2,5b9483be-9c1f-4101-baa7-139974e3c2c2,
tch_20200710-165305_93,859f8383-c2a4-11ea-96b3-0242ac110002,std_1594382246592_93,class_20200710-165305_93,NKM8-ETL8,f2d6615e-b121-4d35-9c55-8a928a6440ee,adda878c-bc3b-4b8d-88e4-50d7028b3be6,b183bb6c-064a-476b-b2bd-79c9a0cb0baa,0f1bd83c-12c1-4fab-be78-46d5ce28b914,18893546-9463-4f25-9cf8-366bd9a5f218,
tch_20200710-165305_92,88513662-c2a4-11ea-af23-0242ac110002,std_1594382251116_92,class_20200710-165305_92,F3EP-9xw3,2e3c7014-d7ad-4dcc-9463-7fce479e4017,41f373f3-b43d-4488-aab4-482fba8858a4,3b29c6d1-aede-4d36-95b1-eb346566875b,11980cb0-d34c-406d-9bf0-7e52ceed9f73,a63f7d46-71c0-446e-b844-ec99a71ff090,
tch_20200710-165305_88,87c1520e-c2a4-11ea-af23-0242ac110002,std_1594382250172_88,class_20200710-165305_88,z6D8-2R97,79fd2478-ca6d-49c2-94e9-3c7aef1d3b6f,6926c15b-0b03-4eca-b8e5-56773497d398,4ed58d47-624e-4fe2-b481-c01b91e43372,0bc70378-8b2d-4c25-8978-31c120c1cc60,60aa5d10-4a60-4566-918d-cd1464b01d35,
tch_20200710-165305_91,8a44efa5-c2a4-11ea-acee-0242ac110002,std_1594382254391_91,class_20200710-165305_91,eu7U-DE26,9c0f307e-a77a-4a45-9d27-d5cf90712c4c,d66fc219-2d1e-4fed-9839-02c48a64bd86,784a66a9-7e0f-42f0-b08b-e6f68b40ff20,1ba2b96b-c1d1-41d0-9160-98f0bc82d4e8,772dc2b6-bc3b-4a6a-94fb-f66891d93595,
tch_20200710-165305_96,8746a3dd-c2a4-11ea-acee-0242ac110002,std_1594382249351_96,class_20200710-165305_96,49ZV-9t8Z,99b20b52-a202-4183-a2d9-5e2b9fba8416,6c248528-4cad-4558-a282-3a4c913579ee,f1eb3e63-c89c-4736-a4b9-1c3da1783c47,4fa27476-8815-46da-b37c-ceaff2a4f78e,6b892e88-9f78-4d63-a845-6ae1d3397912,
tch_20200710-165305_90,88a45eea-c2a4-11ea-89f8-0242ac110002,std_1594382251622_90,class_20200710-165305_90,GV7V-4cMF,fa8729bf-1868-42b8-971b-e91e1a83dde8,d5518da6-5d45-43a8-931f-b90ba1eda9e1,83a34b8f-8820-4628-b166-49e53d9c7932,9d64def0-9f5b-4e14-952e-dac91e48846d,f2db0845-9803-465e-a11d-aeb8cff1c3e8,
tch_20200710-165305_97,8a16db18-c2a4-11ea-af23-0242ac110002,std_1594382254073_97,class_20200710-165305_97,M8my-Uih6,c0a9f140-cf7d-4eb1-ae4f-bea1a3ca417b,7eef1a9e-2863-4751-921f-912fb1af5d6b,4c4e0b18-bf22-463f-acc3-26e325d227e6,8c1c0264-37c6-44c9-8eca-bb888d6a5e2a,9a164974-7404-4207-b818-50d54c967c61,
tch_20200710-165305_100,8b878239-c2a4-11ea-acee-0242ac110002,std_1594382256502_100,class_20200710-165305_100,Muaf-UM4a,df680152-6125-4bf7-b493-d97d446eeef8,9791fbf8-a01b-4a9b-8493-c0a604ef5c9d,c843f974-4472-46a9-b9a0-7bb890fdbfaf,fdfba500-9b7e-4bac-92ff-a309971d7915,3819f39b-50e0-43cc-9d79-d18c58189c25,
tch_20200710-165305_98,8c03dd87-c2a4-11ea-96b3-0242ac110002,std_1594382257313_98,class_20200710-165305_98,9QbZ-27yn,182b5b39-e553-4492-9f39-8eb31cc03a81,3514bf08-2f1c-4d2b-b498-314ea1dbac43,e6b0d722-6d78-4952-a7a4-098cffc75586,857a2cf5-ada7-4aae-98c3-b95fa4a3fd13,5af4b57d-1c95-4280-8b49-26b9b79ae955,
tch_20200710-165305_99,8c15df3c-c2a4-11ea-acee-0242ac110002,std_1594382257430_99,class_20200710-165305_99,Q2k6-EcVf,30bf4c87-e830-4971-9e6f-3f9c9dc81e47,d5351c71-e24d-4ce6-918d-4854de6de335,b863b31a-a41f-42b0-94ab-059c36413121,bac1629f-55fc-4f14-8909-ec71e53a8fd3,13afb50b-8bfe-4558-81cd-6434a4391400,
tch_20200710-165305_87,8d84b1c2-c2a4-11ea-af23-0242ac110002,std_1594382259823_87,class_20200710-165305_87,fNH7-w7Zc,d7b1d1a3-b27e-4c63-978b-c26cd23adb9d,1aa5c3be-9cbf-4230-945c-dd4e990dbc70,f3574588-3bf1-44a8-aa7b-0014e4f86a95,94c5fd94-624a-4a24-89b4-44fb95395fc9,393a92bb-0d1d-4c4f-9b63-84c585226266,
tch_20200710-165305_95,8e98b96e-c2a4-11ea-96b3-0242ac110002,std_1594382261605_95,class_20200710-165305_95,BfD9-UNek,f6451437-4c05-4d52-94a7-1b44a3a8d119,f5705741-7c94-4dcc-80ef-782714138eb4,12271f58-01d0-427d-87dd-72a1c5ea58ad,56c18698-d911-4732-887d-b048a2df146b,947ffe60-35d3-448c-989a-1737fbc20cf2,
tch_20200710-165305_94,92164749-c2a4-11ea-af23-0242ac110002,std_1594382267485_94,class_20200710-165305_94,9pW8-43Ef,6b0f4210-f549-42f2-8c2b-c6ba8ee79333,2345a93e-aa15-4472-9681-aecd4d8497ed,d1f2f7ec-e648-4986-82e1-7cf1cd507ef2,b964f73b-6a94-404b-84fc-77693b2a4d2c,38061fff-2e17-4e29-9018-50b01a390577,
tch_20200710-165305_93,93b4402c-c2a4-11ea-acee-0242ac110002,std_1594382270213_93,class_20200710-165305_93,NKM8-ETL8,f2d6615e-b121-4d35-9c55-8a928a6440ee,adda878c-bc3b-4b8d-88e4-50d7028b3be6,b183bb6c-064a-476b-b2bd-79c9a0cb0baa,0f1bd83c-12c1-4fab-be78-46d5ce28b914,18893546-9463-4f25-9cf8-366bd9a5f218,
tch_20200710-165305_89,935b71f5-c2a4-11ea-96b3-0242ac110002,std_1594382269619_89,class_20200710-165305_89,m7Nu-4dmo,b184bb5b-1fa2-4890-930d-2a8cea77a6ea,dcebd4c9-bfdc-4225-a600-851f921fb36d,4d95c5ac-6a3c-4036-bc85-ba472d1218ac,9f97ddd3-267c-4ba2-90a4-789cd88e94f2,5b9483be-9c1f-4101-baa7-139974e3c2c2,
tch_20200710-165305_90,96dbe63f-c2a4-11ea-96b3-0242ac110002,std_1594382275495_90,class_20200710-165305_90,GV7V-4cMF,fa8729bf-1868-42b8-971b-e91e1a83dde8,d5518da6-5d45-43a8-931f-b90ba1eda9e1,83a34b8f-8820-4628-b166-49e53d9c7932,9d64def0-9f5b-4e14-952e-dac91e48846d,f2db0845-9803-465e-a11d-aeb8cff1c3e8,
tch_20200710-165305_92,94d39302-c2a4-11ea-af23-0242ac110002,std_1594382272105_92,class_20200710-165305_92,F3EP-9xw3,2e3c7014-d7ad-4dcc-9463-7fce479e4017,41f373f3-b43d-4488-aab4-482fba8858a4,3b29c6d1-aede-4d36-95b1-eb346566875b,11980cb0-d34c-406d-9bf0-7e52ceed9f73,a63f7d46-71c0-446e-b844-ec99a71ff090,
tch_20200710-165305_97,97fda982-c2a4-11ea-96b3-0242ac110002,std_1594382277399_97,class_20200710-165305_97,M8my-Uih6,c0a9f140-cf7d-4eb1-ae4f-bea1a3ca417b,7eef1a9e-2863-4751-921f-912fb1af5d6b,4c4e0b18-bf22-463f-acc3-26e325d227e6,8c1c0264-37c6-44c9-8eca-bb888d6a5e2a,9a164974-7404-4207-b818-50d54c967c61,
tch_20200710-165305_96,96a6f38f-c2a4-11ea-acee-0242ac110002,std_1594382275150_96,class_20200710-165305_96,49ZV-9t8Z,99b20b52-a202-4183-a2d9-5e2b9fba8416,6c248528-4cad-4558-a282-3a4c913579ee,f1eb3e63-c89c-4736-a4b9-1c3da1783c47,4fa27476-8815-46da-b37c-ceaff2a4f78e,6b892e88-9f78-4d63-a845-6ae1d3397912,
tch_20200710-165305_91,9699acab-c2a4-11ea-af23-0242ac110002,std_1594382275074_91,class_20200710-165305_91,eu7U-DE26,9c0f307e-a77a-4a45-9d27-d5cf90712c4c,d66fc219-2d1e-4fed-9839-02c48a64bd86,784a66a9-7e0f-42f0-b08b-e6f68b40ff20,1ba2b96b-c1d1-41d0-9160-98f0bc82d4e8,772dc2b6-bc3b-4a6a-94fb-f66891d93595,
tch_20200710-165305_98,9aa634a3-c2a4-11ea-89f8-0242ac110002,std_1594382281801_98,class_20200710-165305_98,9QbZ-27yn,182b5b39-e553-4492-9f39-8eb31cc03a81,3514bf08-2f1c-4d2b-b498-314ea1dbac43,e6b0d722-6d78-4952-a7a4-098cffc75586,857a2cf5-ada7-4aae-98c3-b95fa4a3fd13,5af4b57d-1c95-4280-8b49-26b9b79ae955,
tch_20200710-165305_100,9a40bb86-c2a4-11ea-89f8-0242ac110002,std_1594382281191_100,class_20200710-165305_100,Muaf-UM4a,df680152-6125-4bf7-b493-d97d446eeef8,9791fbf8-a01b-4a9b-8493-c0a604ef5c9d,c843f974-4472-46a9-b9a0-7bb890fdbfaf,fdfba500-9b7e-4bac-92ff-a309971d7915,3819f39b-50e0-43cc-9d79-d18c58189c25,
tch_20200710-165305_99,9adaffd1-c2a4-11ea-af23-0242ac110002,std_1594382282215_99,class_20200710-165305_99,Q2k6-EcVf,30bf4c87-e830-4971-9e6f-3f9c9dc81e47,d5351c71-e24d-4ce6-918d-4854de6de335,b863b31a-a41f-42b0-94ab-059c36413121,bac1629f-55fc-4f14-8909-ec71e53a8fd3,13afb50b-8bfe-4558-81cd-6434a4391400,
tch_20200710-165305_95,9cf04b2b-c2a4-11ea-af23-0242ac110002,std_1594382285689_95,class_20200710-165305_95,BfD9-UNek,f6451437-4c05-4d52-94a7-1b44a3a8d119,f5705741-7c94-4dcc-80ef-782714138eb4,12271f58-01d0-427d-87dd-72a1c5ea58ad,56c18698-d911-4732-887d-b048a2df146b,947ffe60-35d3-448c-989a-1737fbc20cf2,
tch_20200710-165305_94,9f51e1a8-c2a4-11ea-af23-0242ac110002,std_1594382289703_94,class_20200710-165305_94,9pW8-43Ef,6b0f4210-f549-42f2-8c2b-c6ba8ee79333,2345a93e-aa15-4472-9681-aecd4d8497ed,d1f2f7ec-e648-4986-82e1-7cf1cd507ef2,b964f73b-6a94-404b-84fc-77693b2a4d2c,38061fff-2e17-4e29-9018-50b01a390577,
tch_20200710-165305_93,a0d06bfb-c2a4-11ea-acee-0242ac110002,std_1594382292199_93,class_20200710-165305_93,NKM8-ETL8,f2d6615e-b121-4d35-9c55-8a928a6440ee,adda878c-bc3b-4b8d-88e4-50d7028b3be6,b183bb6c-064a-476b-b2bd-79c9a0cb0baa,0f1bd83c-12c1-4fab-be78-46d5ce28b914,18893546-9463-4f25-9cf8-366bd9a5f218,
tch_20200710-165305_89,a16fb8b0-c2a4-11ea-89f8-0242ac110002,std_1594382293240_89,class_20200710-165305_89,m7Nu-4dmo,b184bb5b-1fa2-4890-930d-2a8cea77a6ea,dcebd4c9-bfdc-4225-a600-851f921fb36d,4d95c5ac-6a3c-4036-bc85-ba472d1218ac,9f97ddd3-267c-4ba2-90a4-789cd88e94f2,5b9483be-9c1f-4101-baa7-139974e3c2c2,
tch_20200710-165305_92,a3ef5f5e-c2a4-11ea-af23-0242ac110002,std_1594382297437_92,class_20200710-165305_92,F3EP-9xw3,2e3c7014-d7ad-4dcc-9463-7fce479e4017,41f373f3-b43d-4488-aab4-482fba8858a4,3b29c6d1-aede-4d36-95b1-eb346566875b,11980cb0-d34c-406d-9bf0-7e52ceed9f73,a63f7d46-71c0-446e-b844-ec99a71ff090,
tch_20200710-165305_90,a2fc4c5c-c2a4-11ea-af23-0242ac110002,std_1594382295842_90,class_20200710-165305_90,GV7V-4cMF,fa8729bf-1868-42b8-971b-e91e1a83dde8,d5518da6-5d45-43a8-931f-b90ba1eda9e1,83a34b8f-8820-4628-b166-49e53d9c7932,9d64def0-9f5b-4e14-952e-dac91e48846d,f2db0845-9803-465e-a11d-aeb8cff1c3e8,
tch_20200710-165305_91,a6335ba0-c2a4-11ea-89f8-0242ac110002,std_1594382301237_91,class_20200710-165305_91,eu7U-DE26,9c0f307e-a77a-4a45-9d27-d5cf90712c4c,d66fc219-2d1e-4fed-9839-02c48a64bd86,784a66a9-7e0f-42f0-b08b-e6f68b40ff20,1ba2b96b-c1d1-41d0-9160-98f0bc82d4e8,772dc2b6-bc3b-4a6a-94fb-f66891d93595,
tch_20200710-165305_96,a5697c1d-c2a4-11ea-96b3-0242ac110002,std_1594382299907_96,class_20200710-165305_96,49ZV-9t8Z,99b20b52-a202-4183-a2d9-5e2b9fba8416,6c248528-4cad-4558-a282-3a4c913579ee,f1eb3e63-c89c-4736-a4b9-1c3da1783c47,4fa27476-8815-46da-b37c-ceaff2a4f78e,6b892e88-9f78-4d63-a845-6ae1d3397912,
tch_20200710-165305_97,a3ff8b16-c2a4-11ea-96b3-0242ac110002,std_1594382297571_97,class_20200710-165305_97,M8my-Uih6,c0a9f140-cf7d-4eb1-ae4f-bea1a3ca417b,7eef1a9e-2863-4751-921f-912fb1af5d6b,4c4e0b18-bf22-463f-acc3-26e325d227e6,8c1c0264-37c6-44c9-8eca-bb888d6a5e2a,9a164974-7404-4207-b818-50d54c967c61,
tch_20200710-165305_98,a957ccb1-c2a4-11ea-89f8-0242ac110002,std_1594382306526_98,class_20200710-165305_98,9QbZ-27yn,182b5b39-e553-4492-9f39-8eb31cc03a81,3514bf08-2f1c-4d2b-b498-314ea1dbac43,e6b0d722-6d78-4952-a7a4-098cffc75586,857a2cf5-ada7-4aae-98c3-b95fa4a3fd13,5af4b57d-1c95-4280-8b49-26b9b79ae955,
tch_20200710-165305_100,a98ce677-c2a4-11ea-96b3-0242ac110002,std_1594382306872_100,class_20200710-165305_100,Muaf-UM4a,df680152-6125-4bf7-b493-d97d446eeef8,9791fbf8-a01b-4a9b-8493-c0a604ef5c9d,c843f974-4472-46a9-b9a0-7bb890fdbfaf,fdfba500-9b7e-4bac-92ff-a309971d7915,3819f39b-50e0-43cc-9d79-d18c58189c25,
tch_20200710-165305_95,aaf37ba4-c2a4-11ea-89f8-0242ac110002,std_1594382309195_95,class_20200710-165305_95,BfD9-UNek,f6451437-4c05-4d52-94a7-1b44a3a8d119,f5705741-7c94-4dcc-80ef-782714138eb4,12271f58-01d0-427d-87dd-72a1c5ea58ad,56c18698-d911-4732-887d-b048a2df146b,947ffe60-35d3-448c-989a-1737fbc20cf2,
tch_20200710-165305_99,a9a688f2-c2a4-11ea-acee-0242ac110002,std_1594382306968_99,class_20200710-165305_99,Q2k6-EcVf,30bf4c87-e830-4971-9e6f-3f9c9dc81e47,d5351c71-e24d-4ce6-918d-4854de6de335,b863b31a-a41f-42b0-94ab-059c36413121,bac1629f-55fc-4f14-8909-ec71e53a8fd3,13afb50b-8bfe-4558-81cd-6434a4391400,
tch_20200710-165305_94,adae07a9-c2a4-11ea-af23-0242ac110002,std_1594382313787_94,class_20200710-165305_94,9pW8-43Ef,6b0f4210-f549-42f2-8c2b-c6ba8ee79333,2345a93e-aa15-4472-9681-aecd4d8497ed,d1f2f7ec-e648-4986-82e1-7cf1cd507ef2,b964f73b-6a94-404b-84fc-77693b2a4d2c,38061fff-2e17-4e29-9018-50b01a390577,
tch_20200710-165305_93,afaf2ed6-c2a4-11ea-acee-0242ac110002,std_1594382317116_93,class_20200710-165305_93,NKM8-ETL8,f2d6615e-b121-4d35-9c55-8a928a6440ee,adda878c-bc3b-4b8d-88e4-50d7028b3be6,b183bb6c-064a-476b-b2bd-79c9a0cb0baa,0f1bd83c-12c1-4fab-be78-46d5ce28b914,18893546-9463-4f25-9cf8-366bd9a5f218,
tch_20200710-165305_90,b09c4dbb-c2a4-11ea-acee-0242ac110002,std_1594382318687_90,class_20200710-165305_90,GV7V-4cMF,fa8729bf-1868-42b8-971b-e91e1a83dde8,d5518da6-5d45-43a8-931f-b90ba1eda9e1,83a34b8f-8820-4628-b166-49e53d9c7932,9d64def0-9f5b-4e14-952e-dac91e48846d,f2db0845-9803-465e-a11d-aeb8cff1c3e8,
tch_20200710-165305_92,b0324167-c2a4-11ea-af23-0242ac110002,std_1594382318009_92,class_20200710-165305_92,F3EP-9xw3,2e3c7014-d7ad-4dcc-9463-7fce479e4017,41f373f3-b43d-4488-aab4-482fba8858a4,3b29c6d1-aede-4d36-95b1-eb346566875b,11980cb0-d34c-406d-9bf0-7e52ceed9f73,a63f7d46-71c0-446e-b844-ec99a71ff090,
tch_20200710-165305_96,b3666a2c-c2a4-11ea-acee-0242ac110002,std_1594382323382_96,class_20200710-165305_96,49ZV-9t8Z,99b20b52-a202-4183-a2d9-5e2b9fba8416,6c248528-4cad-4558-a282-3a4c913579ee,f1eb3e63-c89c-4736-a4b9-1c3da1783c47,4fa27476-8815-46da-b37c-ceaff2a4f78e,6b892e88-9f78-4d63-a845-6ae1d3397912,
tch_20200710-165305_91,b21d486f-c2a4-11ea-89f8-0242ac110002,std_1594382321223_91,class_20200710-165305_91,eu7U-DE26,9c0f307e-a77a-4a45-9d27-d5cf90712c4c,d66fc219-2d1e-4fed-9839-02c48a64bd86,784a66a9-7e0f-42f0-b08b-e6f68b40ff20,1ba2b96b-c1d1-41d0-9160-98f0bc82d4e8,772dc2b6-bc3b-4a6a-94fb-f66891d93595,
tch_20200710-165305_97,b3bf11d0-c2a4-11ea-96b3-0242ac110002,std_1594382323940_97,class_20200710-165305_97,M8my-Uih6,c0a9f140-cf7d-4eb1-ae4f-bea1a3ca417b,7eef1a9e-2863-4751-921f-912fb1af5d6b,4c4e0b18-bf22-463f-acc3-26e325d227e6,8c1c0264-37c6-44c9-8eca-bb888d6a5e2a,9a164974-7404-4207-b818-50d54c967c61,
tch_20200710-165305_98,b5349a89-c2a4-11ea-89f8-0242ac110002,std_1594382326396_98,class_20200710-165305_98,9QbZ-27yn,182b5b39-e553-4492-9f39-8eb31cc03a81,3514bf08-2f1c-4d2b-b498-314ea1dbac43,e6b0d722-6d78-4952-a7a4-098cffc75586,857a2cf5-ada7-4aae-98c3-b95fa4a3fd13,5af4b57d-1c95-4280-8b49-26b9b79ae955,
tch_20200710-165305_100,b729b39b-c2a4-11ea-af23-0242ac110002,std_1594382329697_100,class_20200710-165305_100,Muaf-UM4a,df680152-6125-4bf7-b493-d97d446eeef8,9791fbf8-a01b-4a9b-8493-c0a604ef5c9d,c843f974-4472-46a9-b9a0-7bb890fdbfaf,fdfba500-9b7e-4bac-92ff-a309971d7915,3819f39b-50e0-43cc-9d79-d18c58189c25,
tch_20200710-165305_95,b8acaa57-c2a4-11ea-89f8-0242ac110002,std_1594382332232_95,class_20200710-165305_95,BfD9-UNek,f6451437-4c05-4d52-94a7-1b44a3a8d119,f5705741-7c94-4dcc-80ef-782714138eb4,12271f58-01d0-427d-87dd-72a1c5ea58ad,56c18698-d911-4732-887d-b048a2df146b,947ffe60-35d3-448c-989a-1737fbc20cf2,
tch_20200710-165305_99,b9a84879-c2a4-11ea-acee-0242ac110002,std_1594382333869_99,class_20200710-165305_99,Q2k6-EcVf,30bf4c87-e830-4971-9e6f-3f9c9dc81e47,d5351c71-e24d-4ce6-918d-4854de6de335,b863b31a-a41f-42b0-94ab-059c36413121,bac1629f-55fc-4f14-8909-ec71e53a8fd3,13afb50b-8bfe-4558-81cd-6434a4391400,
tch_20200710-165305_94,bc2f8f65-c2a4-11ea-acee-0242ac110002,std_1594382338136_94,class_20200710-165305_94,9pW8-43Ef,6b0f4210-f549-42f2-8c2b-c6ba8ee79333,2345a93e-aa15-4472-9681-aecd4d8497ed,d1f2f7ec-e648-4986-82e1-7cf1cd507ef2,b964f73b-6a94-404b-84fc-77693b2a4d2c,38061fff-2e17-4e29-9018-50b01a390577,
tch_20200710-165305_92,bef4c9e7-c2a4-11ea-96b3-0242ac110002,std_1594382342768_92,class_20200710-165305_92,F3EP-9xw3,2e3c7014-d7ad-4dcc-9463-7fce479e4017,41f373f3-b43d-4488-aab4-482fba8858a4,3b29c6d1-aede-4d36-95b1-eb346566875b,11980cb0-d34c-406d-9bf0-7e52ceed9f73,a63f7d46-71c0-446e-b844-ec99a71ff090,
tch_20200710-165305_93,bd1fbc5a-c2a4-11ea-89f8-0242ac110002,std_1594382339700_93,class_20200710-165305_93,NKM8-ETL8,f2d6615e-b121-4d35-9c55-8a928a6440ee,adda878c-bc3b-4b8d-88e4-50d7028b3be6,b183bb6c-064a-476b-b2bd-79c9a0cb0baa,0f1bd83c-12c1-4fab-be78-46d5ce28b914,18893546-9463-4f25-9cf8-366bd9a5f218,
tch_20200710-165305_97,c29549cd-c2a4-11ea-acee-0242ac110002,std_1594382348855_97,class_20200710-165305_97,M8my-Uih6,c0a9f140-cf7d-4eb1-ae4f-bea1a3ca417b,7eef1a9e-2863-4751-921f-912fb1af5d6b,4c4e0b18-bf22-463f-acc3-26e325d227e6,8c1c0264-37c6-44c9-8eca-bb888d6a5e2a,9a164974-7404-4207-b818-50d54c967c61,
tch_20200710-165305_96,c0a5fcdf-c2a4-11ea-96b3-0242ac110002,std_1594382345607_96,class_20200710-165305_96,49ZV-9t8Z,99b20b52-a202-4183-a2d9-5e2b9fba8416,6c248528-4cad-4558-a282-3a4c913579ee,f1eb3e63-c89c-4736-a4b9-1c3da1783c47,4fa27476-8815-46da-b37c-ceaff2a4f78e,6b892e88-9f78-4d63-a845-6ae1d3397912,
tch_20200710-165305_100,c3715224-c2a4-11ea-89f8-0242ac110002,std_1594382350258_100,class_20200710-165305_100,Muaf-UM4a,df680152-6125-4bf7-b493-d97d446eeef8,9791fbf8-a01b-4a9b-8493-c0a604ef5c9d,c843f974-4472-46a9-b9a0-7bb890fdbfaf,fdfba500-9b7e-4bac-92ff-a309971d7915,3819f39b-50e0-43cc-9d79-d18c58189c25,
tch_20200710-165305_98,c2c1fe79-c2a4-11ea-acee-0242ac110002,std_1594382349151_98,class_20200710-165305_98,9QbZ-27yn,182b5b39-e553-4492-9f39-8eb31cc03a81,3514bf08-2f1c-4d2b-b498-314ea1dbac43,e6b0d722-6d78-4952-a7a4-098cffc75586,857a2cf5-ada7-4aae-98c3-b95fa4a3fd13,5af4b57d-1c95-4280-8b49-26b9b79ae955,
tch_20200710-165305_95,c72977d8-c2a4-11ea-af23-0242ac110002,std_1594382356537_95,class_20200710-165305_95,BfD9-UNek,f6451437-4c05-4d52-94a7-1b44a3a8d119,f5705741-7c94-4dcc-80ef-782714138eb4,12271f58-01d0-427d-87dd-72a1c5ea58ad,56c18698-d911-4732-887d-b048a2df146b,947ffe60-35d3-448c-989a-1737fbc20cf2,
tch_20200710-165305_99,c85acbb6-c2a4-11ea-acee-0242ac110002,std_1594382358535_99,class_20200710-165305_99,Q2k6-EcVf,30bf4c87-e830-4971-9e6f-3f9c9dc81e47,d5351c71-e24d-4ce6-918d-4854de6de335,b863b31a-a41f-42b0-94ab-059c36413121,bac1629f-55fc-4f14-8909-ec71e53a8fd3,13afb50b-8bfe-4558-81cd-6434a4391400,
tch_20200710-165305_94,caa09d1f-c2a4-11ea-89f8-0242ac110002,std_1594382362336_94,class_20200710-165305_94,9pW8-43Ef,6b0f4210-f549-42f2-8c2b-c6ba8ee79333,2345a93e-aa15-4472-9681-aecd4d8497ed,d1f2f7ec-e648-4986-82e1-7cf1cd507ef2,b964f73b-6a94-404b-84fc-77693b2a4d2c,38061fff-2e17-4e29-9018-50b01a390577,
tch_20200710-165305_93,cbbdf436-c2a4-11ea-acee-0242ac110002,std_1594382364216_93,class_20200710-165305_93,NKM8-ETL8,f2d6615e-b121-4d35-9c55-8a928a6440ee,adda878c-bc3b-4b8d-88e4-50d7028b3be6,b183bb6c-064a-476b-b2bd-79c9a0cb0baa,0f1bd83c-12c1-4fab-be78-46d5ce28b914,18893546-9463-4f25-9cf8-366bd9a5f218,
tch_20200710-165305_97,cf1f95ab-c2a4-11ea-89f8-0242ac110002,std_1594382369870_97,class_20200710-165305_97,M8my-Uih6,c0a9f140-cf7d-4eb1-ae4f-bea1a3ca417b,7eef1a9e-2863-4751-921f-912fb1af5d6b,4c4e0b18-bf22-463f-acc3-26e325d227e6,8c1c0264-37c6-44c9-8eca-bb888d6a5e2a,9a164974-7404-4207-b818-50d54c967c61,
tch_20200710-165305_96,d024349f-c2a4-11ea-acee-0242ac110002,std_1594382371612_96,class_20200710-165305_96,49ZV-9t8Z,99b20b52-a202-4183-a2d9-5e2b9fba8416,6c248528-4cad-4558-a282-3a4c913579ee,f1eb3e63-c89c-4736-a4b9-1c3da1783c47,4fa27476-8815-46da-b37c-ceaff2a4f78e,6b892e88-9f78-4d63-a845-6ae1d3397912,
tch_20200710-165305_100,d10e6cf7-c2a4-11ea-af23-0242ac110002,std_1594382373111_100,class_20200710-165305_100,Muaf-UM4a,df680152-6125-4bf7-b493-d97d446eeef8,9791fbf8-a01b-4a9b-8493-c0a604ef5c9d,c843f974-4472-46a9-b9a0-7bb890fdbfaf,fdfba500-9b7e-4bac-92ff-a309971d7915,3819f39b-50e0-43cc-9d79-d18c58189c25,
tch_20200710-165305_98,d1b0a0ca-c2a4-11ea-acee-0242ac110002,std_1594382374219_98,class_20200710-165305_98,9QbZ-27yn,182b5b39-e553-4492-9f39-8eb31cc03a81,3514bf08-2f1c-4d2b-b498-314ea1dbac43,e6b0d722-6d78-4952-a7a4-098cffc75586,857a2cf5-ada7-4aae-98c3-b95fa4a3fd13,5af4b57d-1c95-4280-8b49-26b9b79ae955,
tch_20200710-165305_95,d5329b3f-c2a4-11ea-af23-0242ac110002,std_1594382380088_95,class_20200710-165305_95,BfD9-UNek,f6451437-4c05-4d52-94a7-1b44a3a8d119,f5705741-7c94-4dcc-80ef-782714138eb4,12271f58-01d0-427d-87dd-72a1c5ea58ad,56c18698-d911-4732-887d-b048a2df146b,947ffe60-35d3-448c-989a-1737fbc20cf2,
tch_20200710-165305_99,d61ed092-c2a4-11ea-acee-0242ac110002,std_1594382381630_99,class_20200710-165305_99,Q2k6-EcVf,30bf4c87-e830-4971-9e6f-3f9c9dc81e47,d5351c71-e24d-4ce6-918d-4854de6de335,b863b31a-a41f-42b0-94ab-059c36413121,bac1629f-55fc-4f14-8909-ec71e53a8fd3,13afb50b-8bfe-4558-81cd-6434a4391400,
tch_20200710-165305_94,d7e9a500-c2a4-11ea-96b3-0242ac110002,std_1594382384648_94,class_20200710-165305_94,9pW8-43Ef,6b0f4210-f549-42f2-8c2b-c6ba8ee79333,2345a93e-aa15-4472-9681-aecd4d8497ed,d1f2f7ec-e648-4986-82e1-7cf1cd507ef2,b964f73b-6a94-404b-84fc-77693b2a4d2c,38061fff-2e17-4e29-9018-50b01a390577,
tch_20200710-165305_97,dbe626b8-c2a4-11ea-af23-0242ac110002,std_1594382391348_97,class_20200710-165305_97,M8my-Uih6,c0a9f140-cf7d-4eb1-ae4f-bea1a3ca417b,7eef1a9e-2863-4751-921f-912fb1af5d6b,4c4e0b18-bf22-463f-acc3-26e325d227e6,8c1c0264-37c6-44c9-8eca-bb888d6a5e2a,9a164974-7404-4207-b818-50d54c967c61,
tch_20200710-165305_96,dd8b72b4-c2a4-11ea-acee-0242ac110002,std_1594382394077_96,class_20200710-165305_96,49ZV-9t8Z,99b20b52-a202-4183-a2d9-5e2b9fba8416,6c248528-4cad-4558-a282-3a4c913579ee,f1eb3e63-c89c-4736-a4b9-1c3da1783c47,4fa27476-8815-46da-b37c-ceaff2a4f78e,6b892e88-9f78-4d63-a845-6ae1d3397912,
tch_20200710-165305_98,e0f551a1-c2a4-11ea-af23-0242ac110002,std_1594382399823_98,class_20200710-165305_98,9QbZ-27yn,182b5b39-e553-4492-9f39-8eb31cc03a81,3514bf08-2f1c-4d2b-b498-314ea1dbac43,e6b0d722-6d78-4952-a7a4-098cffc75586,857a2cf5-ada7-4aae-98c3-b95fa4a3fd13,5af4b57d-1c95-4280-8b49-26b9b79ae955,
tch_20200710-165305_100,e039a246-c2a4-11ea-acee-0242ac110002,std_1594382398564_100,class_20200710-165305_100,Muaf-UM4a,df680152-6125-4bf7-b493-d97d446eeef8,9791fbf8-a01b-4a9b-8493-c0a604ef5c9d,c843f974-4472-46a9-b9a0-7bb890fdbfaf,fdfba500-9b7e-4bac-92ff-a309971d7915,3819f39b-50e0-43cc-9d79-d18c58189c25,
tch_20200710-165305_99,e2b020bb-c2a4-11ea-96b3-0242ac110002,std_1594382402685_99,class_20200710-165305_99,Q2k6-EcVf,30bf4c87-e830-4971-9e6f-3f9c9dc81e47,d5351c71-e24d-4ce6-918d-4854de6de335,b863b31a-a41f-42b0-94ab-059c36413121,bac1629f-55fc-4f14-8909-ec71e53a8fd3,13afb50b-8bfe-4558-81cd-6434a4391400,
tch_20200710-165305_95,e122f1a1-c2a4-11ea-af23-0242ac110002,std_1594382400114_95,class_20200710-165305_95,BfD9-UNek,f6451437-4c05-4d52-94a7-1b44a3a8d119,f5705741-7c94-4dcc-80ef-782714138eb4,12271f58-01d0-427d-87dd-72a1c5ea58ad,56c18698-d911-4732-887d-b048a2df146b,947ffe60-35d3-448c-989a-1737fbc20cf2,
tch_20200710-165305_97,e8db42b8-c2a4-11ea-89f8-0242ac110002,std_1594382413077_97,class_20200710-165305_97,M8my-Uih6,c0a9f140-cf7d-4eb1-ae4f-bea1a3ca417b,7eef1a9e-2863-4751-921f-912fb1af5d6b,4c4e0b18-bf22-463f-acc3-26e325d227e6,8c1c0264-37c6-44c9-8eca-bb888d6a5e2a,9a164974-7404-4207-b818-50d54c967c61,
tch_20200710-165305_96,ea0f085f-c2a4-11ea-89f8-0242ac110002,std_1594382415097_96,class_20200710-165305_96,49ZV-9t8Z,99b20b52-a202-4183-a2d9-5e2b9fba8416,6c248528-4cad-4558-a282-3a4c913579ee,f1eb3e63-c89c-4736-a4b9-1c3da1783c47,4fa27476-8815-46da-b37c-ceaff2a4f78e,6b892e88-9f78-4d63-a845-6ae1d3397912,
tch_20200710-165305_98,ebd56fbb-c2a4-11ea-af23-0242ac110002,std_1594382418061_98,class_20200710-165305_98,9QbZ-27yn,182b5b39-e553-4492-9f39-8eb31cc03a81,3514bf08-2f1c-4d2b-b498-314ea1dbac43,e6b0d722-6d78-4952-a7a4-098cffc75586,857a2cf5-ada7-4aae-98c3-b95fa4a3fd13,5af4b57d-1c95-4280-8b49-26b9b79ae955,
tch_20200710-165305_100,ede93524-c2a4-11ea-89f8-0242ac110002,std_1594382421548_100,class_20200710-165305_100,Muaf-UM4a,df680152-6125-4bf7-b493-d97d446eeef8,9791fbf8-a01b-4a9b-8493-c0a604ef5c9d,c843f974-4472-46a9-b9a0-7bb890fdbfaf,fdfba500-9b7e-4bac-92ff-a309971d7915,3819f39b-50e0-43cc-9d79-d18c58189c25,
tch_20200710-165305_99,ef192973-c2a4-11ea-96b3-0242ac110002,std_1594382423533_99,class_20200710-165305_99,Q2k6-EcVf,30bf4c87-e830-4971-9e6f-3f9c9dc81e47,d5351c71-e24d-4ce6-918d-4854de6de335,b863b31a-a41f-42b0-94ab-059c36413121,bac1629f-55fc-4f14-8909-ec71e53a8fd3,13afb50b-8bfe-4558-81cd-6434a4391400,
tch_20200710-165305_97,f49dab59-c2a4-11ea-89f8-0242ac110002,std_1594382432804_97,class_20200710-165305_97,M8my-Uih6,c0a9f140-cf7d-4eb1-ae4f-bea1a3ca417b,7eef1a9e-2863-4751-921f-912fb1af5d6b,4c4e0b18-bf22-463f-acc3-26e325d227e6,8c1c0264-37c6-44c9-8eca-bb888d6a5e2a,9a164974-7404-4207-b818-50d54c967c61,
tch_20200710-165305_98,f9b69910-c2a4-11ea-96b3-0242ac110002,std_1594382441339_98,class_20200710-165305_98,9QbZ-27yn,182b5b39-e553-4492-9f39-8eb31cc03a81,3514bf08-2f1c-4d2b-b498-314ea1dbac43,e6b0d722-6d78-4952-a7a4-098cffc75586,857a2cf5-ada7-4aae-98c3-b95fa4a3fd13,5af4b57d-1c95-4280-8b49-26b9b79ae955,
tch_20200710-165305_100,fb616398-c2a4-11ea-89f8-0242ac110002,std_1594382444139_100,class_20200710-165305_100,Muaf-UM4a,df680152-6125-4bf7-b493-d97d446eeef8,9791fbf8-a01b-4a9b-8493-c0a604ef5c9d,c843f974-4472-46a9-b9a0-7bb890fdbfaf,fdfba500-9b7e-4bac-92ff-a309971d7915,3819f39b-50e0-43cc-9d79-d18c58189c25,
tch_20200710-165305_99,fc168258-c2a4-11ea-acee-0242ac110002,std_1594382445315_99,class_20200710-165305_99,Q2k6-EcVf,30bf4c87-e830-4971-9e6f-3f9c9dc81e47,d5351c71-e24d-4ce6-918d-4854de6de335,b863b31a-a41f-42b0-94ab-059c36413121,bac1629f-55fc-4f14-8909-ec71e53a8fd3,13afb50b-8bfe-4558-81cd-6434a4391400,
tch_20200710-165305_99,09761f6f-c2a5-11ea-af23-0242ac110002,std_1594382467779_99,class_20200710-165305_99,Q2k6-EcVf,30bf4c87-e830-4971-9e6f-3f9c9dc81e47,d5351c71-e24d-4ce6-918d-4854de6de335,b863b31a-a41f-42b0-94ab-059c36413121,bac1629f-55fc-4f14-8909-ec71e53a8fd3,13afb50b-8bfe-4558-81cd-6434a4391400,
tch_20200710-165305_100,0970ef32-c2a5-11ea-af23-0242ac110002,std_1594382467738_100,class_20200710-165305_100,Muaf-UM4a,df680152-6125-4bf7-b493-d97d446eeef8,9791fbf8-a01b-4a9b-8493-c0a604ef5c9d,c843f974-4472-46a9-b9a0-7bb890fdbfaf,fdfba500-9b7e-4bac-92ff-a309971d7915,3819f39b-50e0-43cc-9d79-d18c58189c25,
tch_20200710-165305_100,184ca57e-c2a5-11ea-af23-0242ac110002,std_1594382492644_100,class_20200710-165305_100,Muaf-UM4a,df680152-6125-4bf7-b493-d97d446eeef8,9791fbf8-a01b-4a9b-8493-c0a604ef5c9d,c843f974-4472-46a9-b9a0-7bb890fdbfaf,fdfba500-9b7e-4bac-92ff-a309971d7915,3819f39b-50e0-43cc-9d79-d18c58189c25,
